-176.905 6.3781e+06 -1.5708 -3.14159
83.8509 6.3781e+06 -0.463648 0.942478
-6.10908 6.3781e+06 -0.463648 2.19911
187.894 6.3781e+06 -0.463648 -2.82743
-109.862 6.3781e+06 -0.463648 -1.5708
147.634 6.3781e+06 -0.463648 -0.314159
-94.6232 6.3781e+06 0.463648 1.5708
-1.21113 6.3781e+06 0.463648 2.82743
-158.801 6.3781e+06 0.463648 -2.19911
166.456 6.3781e+06 0.463648 -0.942478
-166.078 6.3781e+06 0.463648 0.314159
412.491 6.3781e+06 1.5708 -3.14159
162.031 6.3781e+06 -1.01722 2.19911
-152.075 6.3781e+06 -1.01722 0.942478
170.821 6.3781e+06 -0.553574 1.5708
194.62 6.3781e+06 -1.01722 -2.82743
-138.1 6.3781e+06 -0.553574 2.82743
-435.923 6.3781e+06 -1.01722 -0.314159
-54.3544 6.3781e+06 -0.553574 0.314159
177.922 6.3781e+06 -1.01722 -1.5708
344.872 6.3781e+06 -0.553574 -2.19911
-282.067 6.3781e+06 -0.553574 -0.942478
215.959 6.3781e+06 -6.12574e-17 0.628319
-11.1386 6.3781e+06 -6.12574e-17 9.21568e-08
233.573 6.3781e+06 -6.12574e-17 1.25664
-306.187 6.3781e+06 0.553574 0.942478
407.709 6.3781e+06 -6.12574e-17 1.88496
-263.576 6.3781e+06 -6.12574e-17 2.51327
-399.281 6.3781e+06 0.553574 2.19911
-43.9654 6.3781e+06 -6.12574e-17 -3.14159
25.5456 6.3781e+06 -6.12574e-17 -2.51327
76.7544 6.3781e+06 0.553574 -2.82743
-504.272 6.3781e+06 -6.12574e-17 -1.88496
473.979 6.3781e+06 -6.12574e-17 -1.25664
-197.69 6.3781e+06 0.553574 -1.5708
520.51 6.3781e+06 -6.12574e-17 -0.628318
-353.787 6.3781e+06 0.553574 -0.314159
-375.363 6.3781e+06 1.01722 1.5708
109.224 6.3781e+06 1.01722 0.314159
499.889 6.3781e+06 1.01722 2.82743
81.5894 6.3781e+06 1.01722 -2.19911
-14.7346 6.3781e+06 1.01722 -0.942478

