-100.924 7e+06 -1.5708 -3.14159
70.7198 7e+06 -0.463648 0.942478
6.72469 7e+06 -0.463648 2.19911
101.844 7e+06 -0.463648 -2.82743
-58.015 7e+06 -0.463648 -1.5708
101.999 7e+06 -0.463648 -0.314159
-56.2048 7e+06 0.463648 1.5708
3.5707 7e+06 0.463648 2.82743
-66.6125 7e+06 0.463648 -2.19911
88.8046 7e+06 0.463648 -0.942478
-142.659 7e+06 0.463648 0.314159
267.302 7e+06 1.5708 -3.14159
156.239 7e+06 -1.01722 -2.82743
109.049 7e+06 -1.01722 -1.5708
229.991 7e+06 -0.553574 -2.19911
67.199 7e+06 -1.01722 2.19911
-106.232 7e+06 -0.553574 2.82743
-302.376 7e+06 -1.01722 -0.314159
-156.528 7e+06 -0.553574 -0.942478
-127.647 7e+06 -1.01722 0.942478
-35.438 7e+06 -0.553574 0.314159
141.356 7e+06 -0.553574 1.5708
109.907 7e+06 -6.12574e-17 0.628319
14.707 7e+06 -6.12574e-17 9.44655e-08
166.32 7e+06 -6.12574e-17 1.25664
-189.996 7e+06 0.553574 0.942478
199.228 7e+06 -6.12574e-17 1.88496
-195.492 7e+06 -6.12574e-17 2.51327
-241.512 7e+06 0.553574 2.19911
-35.0064 7e+06 -6.12574e-17 -3.14159
-28.0591 7e+06 -6.12574e-17 -2.51327
-301.146 7e+06 -6.12574e-17 -1.88496
75.8846 7e+06 0.553574 -2.82743
242.859 7e+06 -6.12574e-17 -1.25664
-205.17 7e+06 0.553574 -1.5708
348.593 7e+06 -6.12574e-17 -0.628318
-195.973 7e+06 0.553574 -0.314159
-170.288 7e+06 1.01722 1.5708
23.1538 7e+06 1.01722 0.314159
342.214 7e+06 1.01722 2.82743
40.4532 7e+06 1.01722 -2.19911
-30.6434 7e+06 1.01722 -0.942478

