-100.924 7e+06 -1.5708 -3.14159
70.7198 7e+06 -0.463648 0.942478
6.72469 7e+06 -0.463648 2.19911
101.844 7e+06 -0.463648 -2.82743
-58.015 7e+06 -0.463648 -1.5708
101.999 7e+06 -0.463648 -0.314159
-56.2048 7e+06 0.463648 1.5708
3.5707 7e+06 0.463648 2.82743
-66.6125 7e+06 0.463648 -2.19911
88.8046 7e+06 0.463648 -0.942478
-142.659 7e+06 0.463648 0.314159
267.302 7e+06 1.5708 -3.14159
156.239 7e+06 -1.01722 -2.82743
109.049 7e+06 -1.01722 -1.5708
229.991 7e+06 -0.553574 -2.19911
67.199 7e+06 -1.01722 2.19911
-106.232 7e+06 -0.553574 2.82743
-302.376 7e+06 -1.01722 -0.314159
-156.528 7e+06 -0.553574 -0.942478
-127.647 7e+06 -1.01722 0.942478
-35.438 7e+06 -0.553574 0.314159
141.356 7e+06 -0.553574 1.5708
109.907 7e+06 -6.12574e-17 0.628319
14.707 7e+06 -6.12574e-17 9.44655e-08
166.32 7e+06 -6.12574e-17 1.25664
-189.996 7e+06 0.553574 0.942478
199.228 7e+06 -6.12574e-17 1.88496
-195.492 7e+06 -6.12574e-17 2.51327
-241.512 7e+06 0.553574 2.19911
-35.0064 7e+06 -6.12574e-17 -3.14159
-28.0591 7e+06 -6.12574e-17 -2.51327
-301.146 7e+06 -6.12574e-17 -1.88496
75.8846 7e+06 0.553574 -2.82743
242.859 7e+06 -6.12574e-17 -1.25664
-205.17 7e+06 0.553574 -1.5708
348.593 7e+06 -6.12574e-17 -0.628318
-195.973 7e+06 0.553574 -0.314159
-170.288 7e+06 1.01722 1.5708
23.1538 7e+06 1.01722 0.314159
342.214 7e+06 1.01722 2.82743
40.4532 7e+06 1.01722 -2.19911
-30.6434 7e+06 1.01722 -0.942478
119.711 7e+06 -1.29401 -2.82743
36.6585 7e+06 -1.29401 -1.5708
244.945 7e+06 -1.10715 -2.19911
-1.59989 7e+06 -1.29401 2.19911
55.4793 7e+06 -1.10715 2.82743
-324.127 7e+06 -1.29401 -0.314159
-204.905 7e+06 -1.10715 -0.942478
-217.244 7e+06 -1.29401 0.942478
-316.858 7e+06 -1.10715 0.314159
-38.4186 7e+06 -1.10715 1.5708
-24.1419 7e+06 -0.530217 0.636469
99.9295 7e+06 -0.2346 0.776572
43.5476 7e+06 -0.280039 0.48402
-30.2321 7e+06 -0.740435 0.942478
-130.621 7e+06 -0.809014 0.551765
192.331 7e+06 -0.2346 1.10838
103.17 7e+06 -6.12574e-17 0.942478
117.586 7e+06 -0.530217 1.24849
216.538 7e+06 -0.280039 1.40094
22.7492 7e+06 -0.809014 1.33319
-158.527 7e+06 -0.2346 2.36502
170.102 7e+06 -0.2346 2.03321
-147.813 7e+06 -6.12574e-17 2.19911
-161.585 7e+06 -0.530217 2.50512
-200.156 7e+06 -0.280039 2.65757
-23.4883 7e+06 -0.740435 2.19911
182.393 7e+06 -0.530217 1.89311
89.0766 7e+06 -0.809014 1.8084
-67.481 7e+06 -0.809014 2.58983
242.024 7e+06 -0.280039 1.74066
16.492 7e+06 -0.2346 -2.66153
164.2 7e+06 -0.530217 -2.52142
34.9741 7e+06 -0.280039 -2.36898
-9.22143 7e+06 -0.2346 -2.99334
-52.6052 7e+06 -6.12574e-17 -2.82743
125.714 7e+06 -0.740435 -2.82743
290.779 7e+06 -0.809014 -2.43672
-24.1819 7e+06 -0.530217 -3.13344
27.4253 7e+06 -0.809014 3.06504
-99.063 7e+06 -0.280039 2.99729
-46.2493 7e+06 -0.2346 -1.40489
-150.738 7e+06 -0.2346 -1.7367
-169.471 7e+06 -6.12574e-17 -1.5708
-160.09 7e+06 -0.530217 -1.26479
88.9135 7e+06 -0.280039 -1.11234
71.9428 7e+06 -0.740435 -1.5708
157.137 7e+06 -0.530217 -1.8768
284 7e+06 -0.809014 -1.96151
-150.911 7e+06 -0.809014 -1.18008
29.1047 7e+06 -0.280039 -2.02925
184.851 7e+06 -0.2346 -0.148253
68.038 7e+06 -0.530217 -0.00815047
83.2552 7e+06 -0.280039 0.144299
273.454 7e+06 -0.2346 -0.480065
151.398 7e+06 -6.12574e-17 -0.314159
-146.333 7e+06 -0.740435 -0.314159
-168.901 7e+06 -0.809014 0.0765534
-12.0526 7e+06 -0.530217 -0.620168
-223.734 7e+06 -0.809014 -0.704872
230.734 7e+06 -0.280039 -0.772617
131.602 7e+06 0.2346 1.40489
100.747 7e+06 0.2346 1.7367
232.004 7e+06 -6.12574e-17 1.5708
-74.5384 7e+06 0.530217 1.26479
-55.0936 7e+06 0.280039 1.11234
-167.723 7e+06 0.740435 1.5708
-84.683 7e+06 0.809014 1.18008
-257.78 7e+06 0.530217 1.8768
-174.45 7e+06 0.809014 1.96151
-232.846 7e+06 0.280039 2.02925
-122.294 7e+06 0.2346 2.66153
-42.4168 7e+06 0.530217 2.52142
-261.861 7e+06 0.280039 2.36898
-14.085 7e+06 0.2346 2.99334
-100.352 7e+06 -6.12574e-17 2.82743
185.148 7e+06 0.740435 2.82743
124.271 7e+06 0.809014 2.43672
64.7275 7e+06 0.530217 3.13344
201.165 7e+06 0.809014 -3.06504
6.79602 7e+06 0.280039 -2.99729
-177.994 7e+06 0.530217 -1.89311
-224.219 7e+06 0.2346 -2.03321
-314.81 7e+06 0.280039 -1.74066
-54.42 7e+06 0.740435 -2.19911
-214.005 7e+06 0.809014 -1.8084
-10.423 7e+06 0.2346 -2.36502
-116.552 7e+06 -6.12574e-17 -2.19911
70.909 7e+06 0.530217 -2.50512
21.8691 7e+06 0.280039 -2.65757
132.906 7e+06 0.809014 -2.58983
214.495 7e+06 0.2346 -1.10838
-149.991 7e+06 0.530217 -1.24849
-96.8118 7e+06 0.280039 -1.40094
264.557 7e+06 0.2346 -0.776572
402.471 7e+06 -6.12574e-17 -0.942478
-11.0362 7e+06 0.740435 -0.942478
-239.238 7e+06 0.809014 -1.33319
23.7063 7e+06 0.530217 -0.636469
-30.6201 7e+06 0.809014 -0.551765
74.3361 7e+06 0.280039 -0.48402
-73.6932 7e+06 0.2346 0.148253
-13.8152 7e+06 0.2346 0.480065
53.1816 7e+06 -6.12574e-17 0.314159
-237.815 7e+06 0.530217 0.00815061
-104.391 7e+06 0.280039 -0.144299
-179.043 7e+06 0.530217 0.620168
-70.4035 7e+06 0.280039 0.772617
-170.608 7e+06 0.740435 0.314159
-138.045 7e+06 0.809014 0.704872
-174.3 7e+06 0.809014 -0.0765533
102.567 7e+06 1.29401 1.5708
113.211 7e+06 1.29401 0.314159
12.3959 7e+06 1.10715 0.942478
388.797 7e+06 1.29401 2.82743
175.942 7e+06 1.10715 2.19911
90.276 7e+06 1.29401 -0.942478
176.046 7e+06 1.29401 -2.19911
-74.3278 7e+06 1.10715 -1.5708
47.1844 7e+06 1.10715 -0.314159
245.009 7e+06 1.10715 -2.82743

