-100.924 7e+06 -1.5708 -3.14159
70.7198 7e+06 -0.463648 0.942478
6.72469 7e+06 -0.463648 2.19911
101.844 7e+06 -0.463648 -2.82743
-58.015 7e+06 -0.463648 -1.5708
101.999 7e+06 -0.463648 -0.314159
-56.2048 7e+06 0.463648 1.5708
3.5707 7e+06 0.463648 2.82743
-66.6125 7e+06 0.463648 -2.19911
88.8046 7e+06 0.463648 -0.942478
-142.659 7e+06 0.463648 0.314159
267.302 7e+06 1.5708 -3.14159
156.239 7e+06 -1.01722 -2.82743
109.049 7e+06 -1.01722 -1.5708
229.991 7e+06 -0.553574 -2.19911
67.199 7e+06 -1.01722 2.19911
-106.232 7e+06 -0.553574 2.82743
-302.376 7e+06 -1.01722 -0.314159
-156.528 7e+06 -0.553574 -0.942478
-127.647 7e+06 -1.01722 0.942478
-35.438 7e+06 -0.553574 0.314159
141.356 7e+06 -0.553574 1.5708
109.907 7e+06 -6.12574e-17 0.628319
14.707 7e+06 -6.12574e-17 9.44655e-08
166.32 7e+06 -6.12574e-17 1.25664
-189.996 7e+06 0.553574 0.942478
199.228 7e+06 -6.12574e-17 1.88496
-195.492 7e+06 -6.12574e-17 2.51327
-241.512 7e+06 0.553574 2.19911
-35.0064 7e+06 -6.12574e-17 -3.14159
-28.0591 7e+06 -6.12574e-17 -2.51327
-301.146 7e+06 -6.12574e-17 -1.88496
75.8846 7e+06 0.553574 -2.82743
242.859 7e+06 -6.12574e-17 -1.25664
-205.17 7e+06 0.553574 -1.5708
348.593 7e+06 -6.12574e-17 -0.628318
-195.973 7e+06 0.553574 -0.314159
-170.288 7e+06 1.01722 1.5708
23.1538 7e+06 1.01722 0.314159
342.214 7e+06 1.01722 2.82743
40.4532 7e+06 1.01722 -2.19911
-30.6434 7e+06 1.01722 -0.942478
119.711 7e+06 -1.29401 -2.82743
36.6585 7e+06 -1.29401 -1.5708
244.945 7e+06 -1.10715 -2.19911
-1.59989 7e+06 -1.29401 2.19911
55.4793 7e+06 -1.10715 2.82743
-324.127 7e+06 -1.29401 -0.314159
-204.905 7e+06 -1.10715 -0.942478
-217.244 7e+06 -1.29401 0.942478
-316.858 7e+06 -1.10715 0.314159
-38.4186 7e+06 -1.10715 1.5708
-24.1419 7e+06 -0.530217 0.636469
99.9295 7e+06 -0.2346 0.776572
43.5476 7e+06 -0.280039 0.48402
-30.2321 7e+06 -0.740435 0.942478
-130.621 7e+06 -0.809014 0.551765
192.331 7e+06 -0.2346 1.10838
103.17 7e+06 -6.12574e-17 0.942478
117.586 7e+06 -0.530217 1.24849
216.538 7e+06 -0.280039 1.40094
22.7492 7e+06 -0.809014 1.33319
-158.527 7e+06 -0.2346 2.36502
170.102 7e+06 -0.2346 2.03321
-147.813 7e+06 -6.12574e-17 2.19911
-161.585 7e+06 -0.530217 2.50512
-200.156 7e+06 -0.280039 2.65757
-23.4883 7e+06 -0.740435 2.19911
182.393 7e+06 -0.530217 1.89311
89.0766 7e+06 -0.809014 1.8084
-67.481 7e+06 -0.809014 2.58983
242.024 7e+06 -0.280039 1.74066
16.492 7e+06 -0.2346 -2.66153
164.2 7e+06 -0.530217 -2.52142
34.9741 7e+06 -0.280039 -2.36898
-9.22143 7e+06 -0.2346 -2.99334
-52.6052 7e+06 -6.12574e-17 -2.82743
125.714 7e+06 -0.740435 -2.82743
290.779 7e+06 -0.809014 -2.43672
-24.1819 7e+06 -0.530217 -3.13344
27.4253 7e+06 -0.809014 3.06504
-99.063 7e+06 -0.280039 2.99729
-46.2493 7e+06 -0.2346 -1.40489
-150.738 7e+06 -0.2346 -1.7367
-169.471 7e+06 -6.12574e-17 -1.5708
-160.09 7e+06 -0.530217 -1.26479
88.9135 7e+06 -0.280039 -1.11234
71.9428 7e+06 -0.740435 -1.5708
157.137 7e+06 -0.530217 -1.8768
284 7e+06 -0.809014 -1.96151
-150.911 7e+06 -0.809014 -1.18008
29.1047 7e+06 -0.280039 -2.02925
184.851 7e+06 -0.2346 -0.148253
68.038 7e+06 -0.530217 -0.00815047
83.2552 7e+06 -0.280039 0.144299
273.454 7e+06 -0.2346 -0.480065
151.398 7e+06 -6.12574e-17 -0.314159
-146.333 7e+06 -0.740435 -0.314159
-168.901 7e+06 -0.809014 0.0765534
-12.0526 7e+06 -0.530217 -0.620168
-223.734 7e+06 -0.809014 -0.704872
230.734 7e+06 -0.280039 -0.772617
131.602 7e+06 0.2346 1.40489
100.747 7e+06 0.2346 1.7367
232.004 7e+06 -6.12574e-17 1.5708
-74.5384 7e+06 0.530217 1.26479
-55.0936 7e+06 0.280039 1.11234
-167.723 7e+06 0.740435 1.5708
-84.683 7e+06 0.809014 1.18008
-257.78 7e+06 0.530217 1.8768
-174.45 7e+06 0.809014 1.96151
-232.846 7e+06 0.280039 2.02925
-122.294 7e+06 0.2346 2.66153
-42.4168 7e+06 0.530217 2.52142
-261.861 7e+06 0.280039 2.36898
-14.085 7e+06 0.2346 2.99334
-100.352 7e+06 -6.12574e-17 2.82743
185.148 7e+06 0.740435 2.82743
124.271 7e+06 0.809014 2.43672
64.7275 7e+06 0.530217 3.13344
201.165 7e+06 0.809014 -3.06504
6.79602 7e+06 0.280039 -2.99729
-177.994 7e+06 0.530217 -1.89311
-224.219 7e+06 0.2346 -2.03321
-314.81 7e+06 0.280039 -1.74066
-54.42 7e+06 0.740435 -2.19911
-214.005 7e+06 0.809014 -1.8084
-10.423 7e+06 0.2346 -2.36502
-116.552 7e+06 -6.12574e-17 -2.19911
70.909 7e+06 0.530217 -2.50512
21.8691 7e+06 0.280039 -2.65757
132.906 7e+06 0.809014 -2.58983
214.495 7e+06 0.2346 -1.10838
-149.991 7e+06 0.530217 -1.24849
-96.8118 7e+06 0.280039 -1.40094
264.557 7e+06 0.2346 -0.776572
402.471 7e+06 -6.12574e-17 -0.942478
-11.0362 7e+06 0.740435 -0.942478
-239.238 7e+06 0.809014 -1.33319
23.7063 7e+06 0.530217 -0.636469
-30.6201 7e+06 0.809014 -0.551765
74.3361 7e+06 0.280039 -0.48402
-73.6932 7e+06 0.2346 0.148253
-13.8152 7e+06 0.2346 0.480065
53.1816 7e+06 -6.12574e-17 0.314159
-237.815 7e+06 0.530217 0.00815061
-104.391 7e+06 0.280039 -0.144299
-179.043 7e+06 0.530217 0.620168
-70.4035 7e+06 0.280039 0.772617
-170.608 7e+06 0.740435 0.314159
-138.045 7e+06 0.809014 0.704872
-174.3 7e+06 0.809014 -0.0765533
102.567 7e+06 1.29401 1.5708
113.211 7e+06 1.29401 0.314159
12.3959 7e+06 1.10715 0.942478
388.797 7e+06 1.29401 2.82743
175.942 7e+06 1.10715 2.19911
90.276 7e+06 1.29401 -0.942478
176.046 7e+06 1.29401 -2.19911
-74.3278 7e+06 1.10715 -1.5708
47.1844 7e+06 1.10715 -0.314159
245.009 7e+06 1.10715 -2.82743
29.232 7e+06 -1.4324 -2.82743
-31.476 7e+06 -1.4324 -1.5708
112.119 7e+06 -1.34489 -2.19911
-62.0892 7e+06 -1.4324 2.19911
27.0477 7e+06 -1.34489 2.82743
-226.28 7e+06 -1.4324 -0.314159
-179.089 7e+06 -1.34489 -0.942478
-186.765 7e+06 -1.4324 0.942478
-305.136 7e+06 -1.34489 0.314159
-98.7931 7e+06 -1.34489 1.5708
11.5412 7e+06 -0.501871 0.792258
84.6885 7e+06 -0.350231 0.856043
34.9549 7e+06 -0.383257 0.710723
15.4637 7e+06 -0.602041 0.942478
-37.2954 7e+06 -0.640914 0.777479
147.071 7e+06 -0.350231 1.02891
142.424 7e+06 -0.237746 0.942478
99.0396 7e+06 -0.501871 1.0927
176.671 7e+06 -0.383257 1.17423
37.9698 7e+06 -0.640914 1.10748
-85.0995 7e+06 -0.350231 2.28555
98.7173 7e+06 -0.350231 2.11268
-32.3312 7e+06 -0.237746 2.19911
-114.118 7e+06 -0.501871 2.34933
-161.441 7e+06 -0.383257 2.43087
-5.43054 7e+06 -0.602041 2.19911
135.444 7e+06 -0.501871 2.0489
91.9292 7e+06 -0.640914 2.03412
-114.533 7e+06 -0.640914 2.36411
233.213 7e+06 -0.383257 1.96736
76.0187 7e+06 -0.350231 -2.741
143.841 7e+06 -0.501871 -2.67721
87.7366 7e+06 -0.383257 -2.59568
50.1427 7e+06 -0.350231 -2.91387
32.0431 7e+06 -0.237746 -2.82743
109.501 7e+06 -0.602041 -2.82743
169.687 7e+06 -0.640914 -2.66243
40.9932 7e+06 -0.501871 -2.97765
39.1649 7e+06 -0.640914 -2.99243
-5.9927 7e+06 -0.383257 -3.05919
-110.764 7e+06 -0.350231 -1.48436
-81.2662 7e+06 -0.350231 -1.65723
-137.028 7e+06 -0.237746 -1.5708
-115.105 7e+06 -0.501871 -1.42058
-103.389 7e+06 -0.383257 -1.33904
4.82878 7e+06 -0.602041 -1.5708
52.0712 7e+06 -0.501871 -1.72102
135.49 7e+06 -0.640914 -1.73579
-92.9194 7e+06 -0.640914 -1.4058
13.8827 7e+06 -0.383257 -1.80255
186.199 7e+06 -0.350231 -0.227725
94.0103 7e+06 -0.501871 -0.163939
163.065 7e+06 -0.383257 -0.0824039
191.118 7e+06 -0.350231 -0.400594
224.974 7e+06 -0.237746 -0.314159
-26.2583 7e+06 -0.602041 -0.314159
-21.3006 7e+06 -0.640914 -0.14916
52.1512 7e+06 -0.501871 -0.464379
-92.7327 7e+06 -0.640914 -0.479158
168.544 7e+06 -0.383257 -0.545914
59.0624 7e+06 0.350231 1.48436
21.1515 7e+06 0.350231 1.65723
155.199 7e+06 0.237746 1.5708
-51.6756 7e+06 0.501871 1.42058
17.8885 7e+06 0.383257 1.33904
-129.868 7e+06 0.602041 1.5708
-103.216 7e+06 0.640914 1.4058
-143.236 7e+06 0.501871 1.72102
-198.153 7e+06 0.640914 1.7358
-116.374 7e+06 0.383257 1.80255
-61.2827 7e+06 0.350231 2.741
-15.1863 7e+06 0.501871 2.67721
-109.942 7e+06 0.383257 2.59568
-10.8506 7e+06 0.350231 2.91387
-52.4147 7e+06 0.237746 2.82743
84.0684 7e+06 0.602041 2.82743
101.701 7e+06 0.640914 2.66243
49.7483 7e+06 0.501871 2.97765
123.958 7e+06 0.640914 2.99243
3.17151 7e+06 0.383257 3.05919
-110.849 7e+06 0.501871 -2.0489
-135.454 7e+06 0.350231 -2.11268
-203.141 7e+06 0.383257 -1.96736
-30.9385 7e+06 0.602041 -2.19911
-123.023 7e+06 0.640914 -2.03412
-46.2859 7e+06 0.350231 -2.28555
-103.525 7e+06 0.237746 -2.19911
10.9433 7e+06 0.501871 -2.34933
33.7782 7e+06 0.383257 -2.43087
55.9408 7e+06 0.640914 -2.36411
143.155 7e+06 0.350231 -1.02891
-23.1814 7e+06 0.501871 -1.0927
2.5809 7e+06 0.383257 -1.17423
182.51 7e+06 0.350231 -0.856043
285.761 7e+06 0.237746 -0.942478
26.1721 7e+06 0.602041 -0.942478
-93.6353 7e+06 0.640914 -1.10748
91.415 7e+06 0.501871 -0.792258
45.2182 7e+06 0.640914 -0.777479
142.112 7e+06 0.383257 -0.710723
-100.464 7e+06 0.350231 0.227725
-71.318 7e+06 0.350231 0.400594
-32.5009 7e+06 0.237746 0.314159
-194.966 7e+06 0.501871 0.16394
-160.246 7e+06 0.383257 0.082404
-157.527 7e+06 0.501871 0.464379
-99.5383 7e+06 0.383257 0.545915
-202.415 7e+06 0.602041 0.314159
-195.322 7e+06 0.640914 0.479158
-229.258 7e+06 0.640914 0.149161
232.123 7e+06 1.4324 1.5708
185.615 7e+06 1.4324 0.314159
124.339 7e+06 1.34489 0.942478
338.917 7e+06 1.4324 2.82743
291.279 7e+06 1.34489 2.19911
185.862 7e+06 1.4324 -0.942478
255.168 7e+06 1.4324 -2.19911
132.877 7e+06 1.34489 -1.5708
137.962 7e+06 1.34489 -0.314159
323.487 7e+06 1.34489 -2.82743
154.503 7e+06 -0.878828 -2.82743
236.255 7e+06 -0.922213 -2.60532
210.551 7e+06 -0.784315 -2.63872
93.7501 7e+06 -0.922213 -3.04955
62.8745 7e+06 -0.784315 -3.01615
141.672 7e+06 -1.15562 -2.82743
214.951 7e+06 -1.0831 -2.53949
188.584 7e+06 -1.2162 -2.43499
90.0693 7e+06 -1.0831 -3.11538
78.6847 7e+06 -1.2162 3.06331
294.412 7e+06 -0.961253 -2.34341
59.5037 7e+06 -0.961253 2.97173
114.718 7e+06 -0.878828 -1.5708
234.85 7e+06 -0.922213 -1.79291
204.486 7e+06 -0.784315 -1.75951
-18.6773 7e+06 -0.922213 -1.34868
-42.9969 7e+06 -0.784315 -1.38208
80.8503 7e+06 -1.15562 -1.5708
208.371 7e+06 -1.0831 -1.85874
174.097 7e+06 -1.2162 -1.96324
-51.7853 7e+06 -1.0831 -1.28285
-104.003 7e+06 -1.2162 -1.17835
289.228 7e+06 -0.961253 -2.05482
-151.01 7e+06 -0.961253 -1.08678
216.23 7e+06 -0.547676 -2.03682
277.994 7e+06 -0.684719 -2.09274
230.988 7e+06 -0.670047 -1.91445
148.068 7e+06 -0.41814 -2.109
112.61 7e+06 -0.40618 -1.95715
206.094 7e+06 -0.547676 -2.36141
136.815 7e+06 -0.41814 -2.28923
102.57 7e+06 -0.40618 -2.44108
289.431 7e+06 -0.684719 -2.30549
234.395 7e+06 -0.670047 -2.48378
55.8436 7e+06 -0.283913 -2.19911
319.738 7e+06 -0.823235 -2.19911
10.641 7e+06 -0.878828 2.19911
65.3068 7e+06 -0.922213 1.977
65.814 7e+06 -0.784315 2.0104
-1.79214 7e+06 -0.922213 2.42123
-84.3597 7e+06 -0.784315 2.38783
58.4591 7e+06 -1.15562 2.19911
61.2651 7e+06 -1.0831 2.48706
39.3094 7e+06 -1.2162 2.59156
47.0717 7e+06 -1.0831 1.91117
-12.7395 7e+06 -1.2162 1.80667
36.1679 7e+06 -0.961253 1.71509
24.8346 7e+06 -0.961253 2.68313
-143.544 7e+06 -0.547676 2.66514
-172.52 7e+06 -0.41814 2.73732
-188.278 7e+06 -0.40618 2.58547
-82.7138 7e+06 -0.684719 2.72106
-131.152 7e+06 -0.670047 2.54277
-73.4878 7e+06 -0.547676 2.98973
-38.1027 7e+06 -0.684719 2.93381
-16.9318 7e+06 -0.670047 3.1121
-117.61 7e+06 -0.41814 2.91755
-68.3309 7e+06 -0.40618 3.0694
-158.488 7e+06 -0.283913 2.82743
-3.3211 7e+06 -0.823235 2.82743
-231.819 7e+06 -0.878828 -0.314159
-262.016 7e+06 -0.922213 -0.0920419
-145.901 7e+06 -0.784315 -0.125447
-247.326 7e+06 -0.922213 -0.536276
-201.184 7e+06 -0.784315 -0.502871
-342.338 7e+06 -1.15562 -0.314159
-348.703 7e+06 -1.0831 -0.0262151
-364.883 7e+06 -1.2162 0.0782859
-285.292 7e+06 -1.0831 -0.602103
-271.213 7e+06 -1.2162 -0.706604
-275.753 7e+06 -0.961253 0.169861
-231.516 7e+06 -0.961253 -0.798179
-97.5544 7e+06 -0.547676 -0.78018
-215.912 7e+06 -0.684719 -0.836103
-155.339 7e+06 -0.670047 -0.657813
25.3951 7e+06 -0.41814 -0.85236
101.578 7e+06 -0.40618 -0.700511
-166.371 7e+06 -0.547676 -1.10478
-29.0684 7e+06 -0.41814 -1.0326
-74.7854 7e+06 -0.40618 -1.18444
-221.765 7e+06 -0.684719 -1.04885
-177.915 7e+06 -0.670047 -1.22714
172.686 7e+06 -0.283913 -0.942478
-218.062 7e+06 -0.823235 -0.942478
-67.9392 7e+06 -0.878828 0.942478
-137.197 7e+06 -0.922213 0.720361
-87.8352 7e+06 -0.784315 0.753766
-38.3469 7e+06 -0.922213 1.1646
-1.34963 7e+06 -0.784315 1.13119
-196.765 7e+06 -1.15562 0.942478
-102.547 7e+06 -1.0831 1.23042
-121.63 7e+06 -1.2162 1.33492
-231.477 7e+06 -1.0831 0.654534
-306.064 7e+06 -1.2162 0.550033
-214.554 7e+06 -0.961253 0.458458
-14.3367 7e+06 -0.961253 1.4265
6.46402 7e+06 -0.547676 0.151861
30.1312 7e+06 -0.41814 0.224041
104.853 7e+06 -0.40618 0.0721926
-84.4735 7e+06 -0.684719 0.207784
-47.7762 7e+06 -0.670047 0.0294946
-42.3395 7e+06 -0.547676 0.476457
-91.3745 7e+06 -0.684719 0.420534
-76.0099 7e+06 -0.670047 0.598824
-1.36083 7e+06 -0.41814 0.404277
6.57227 7e+06 -0.40618 0.556126
36.9071 7e+06 -0.283913 0.314159
-170.382 7e+06 -0.823235 0.314159
158.379 7e+06 -0.547676 1.73309
104.958 7e+06 -0.684719 1.67717
127.284 7e+06 -0.670047 1.85546
198.846 7e+06 -0.41814 1.66091
221.75 7e+06 -0.40618 1.81276
130.358 7e+06 -0.547676 1.4085
190.799 7e+06 -0.41814 1.48068
187.133 7e+06 -0.40618 1.32883
80.535 7e+06 -0.684719 1.46442
60.0063 7e+06 -0.670047 1.28613
215.975 7e+06 -0.283913 1.5708
53.3127 7e+06 -0.823235 1.5708
60.1446 7e+06 0.11762 0.555223
93.5178 7e+06 -6.12574e-17 0.471239
42.721 7e+06 0.117701 0.395958
39.5494 7e+06 0.14038 0.699032
-33.7558 7e+06 0.259974 0.62546
116.183 7e+06 -0.11762 0.701414
92.5496 7e+06 -0.14038 0.557605
66.0511 7e+06 -0.259974 0.631177
106.135 7e+06 -6.12574e-17 0.785398
130.001 7e+06 -0.117701 0.860679
66.0601 7e+06 -0.140519 0.397399
17.0114 7e+06 0.140519 0.859239
91.4869 7e+06 -0.11762 -0.0730953
62.3665 7e+06 -0.14038 0.0707137
143.487 7e+06 -0.259974 -0.00285827
62.5254 7e+06 -6.12574e-17 -0.15708
162.25 7e+06 -0.117701 -0.232361
-37.4133 7e+06 0.11762 0.0730955
14.5309 7e+06 -6.12574e-17 0.15708
-2.86956 7e+06 0.117701 0.232361
-37.7203 7e+06 0.14038 -0.0707135
-110.135 7e+06 0.259974 0.00285844
48.6668 7e+06 -0.140519 0.23092
19.0999 7e+06 0.140519 -0.23092
189.614 7e+06 -0.11762 1.18354
212.703 7e+06 -0.14038 1.32735
217.565 7e+06 -0.259974 1.25378
121.778 7e+06 -6.12574e-17 1.09956
154.27 7e+06 -0.117701 1.02428
149.69 7e+06 0.11762 1.32973
68.3327 7e+06 0.14038 1.18592
40.9304 7e+06 0.259974 1.2595
204.365 7e+06 -6.12574e-17 1.41372
203.886 7e+06 0.117701 1.489
15.9064 7e+06 0.140519 1.02572
215.899 7e+06 -0.140519 1.48756
-197.726 7e+06 0.547676 0.78018
-195.355 7e+06 0.684719 0.836103
-201.913 7e+06 0.670047 0.657813
-159.882 7e+06 0.41814 0.85236
-132.66 7e+06 0.40618 0.700511
-138.67 7e+06 0.547676 1.10478
-147.873 7e+06 0.41814 1.0326
-77.1891 7e+06 0.40618 1.18444
-134.95 7e+06 0.684719 1.04885
-88.671 7e+06 0.670047 1.22714
-94.4784 7e+06 0.283913 0.942478
-116.39 7e+06 0.823235 0.942478
192.834 7e+06 -0.11762 1.95805
21.8655 7e+06 -6.12574e-17 2.04204
2.22761 7e+06 -0.117701 2.11732
269.871 7e+06 -0.14038 1.81424
279.622 7e+06 -0.259974 1.88781
170.513 7e+06 0.11762 1.81186
256.231 7e+06 -6.12574e-17 1.72788
224.067 7e+06 0.117701 1.65259
-5.18907 7e+06 0.14038 1.95567
-68.4145 7e+06 0.259974 1.8821
235.595 7e+06 -0.140519 1.65404
-180.174 7e+06 0.140519 2.11588
-165.793 7e+06 0.11762 2.58637
-234.416 7e+06 0.14038 2.44256
-195.693 7e+06 0.259974 2.51613
-149.226 7e+06 -6.12574e-17 2.67035
-103.011 7e+06 0.117701 2.74564
-195.758 7e+06 -0.11762 2.44018
-197.231 7e+06 -0.14038 2.58399
-193.074 7e+06 -0.259974 2.51042
-220.402 7e+06 -6.12574e-17 2.35619
-154.45 7e+06 -0.117701 2.28091
-268.516 7e+06 0.140519 2.28235
-168.386 7e+06 -0.140519 2.74419
-130.512 7e+06 0.547676 2.36141
-256.423 7e+06 0.41814 2.28923
-177.579 7e+06 0.40618 2.44108
-73.56 7e+06 0.684719 2.30549
51.6656 7e+06 0.670047 2.48378
-289.161 7e+06 0.547676 2.03682
-209.155 7e+06 0.684719 2.09274
-244.554 7e+06 0.670047 1.91445
-315.324 7e+06 0.41814 2.109
-266.92 7e+06 0.40618 1.95715
-303.391 7e+06 0.283913 2.19911
-36.6832 7e+06 0.823235 2.19911
-17.3838 7e+06 0.11762 3.0685
-55.5936 7e+06 -6.12574e-17 2.98451
-44.7136 7e+06 0.117701 2.90923
-5.92544 7e+06 0.14038 -3.07088
-5.62796 7e+06 0.259974 3.13873
-43.9218 7e+06 -0.11762 -3.0685
-25.7326 7e+06 -6.12574e-17 -2.98451
-19.5871 7e+06 -0.117701 -2.90923
-67.7001 7e+06 -0.14038 3.07088
-55.775 7e+06 -0.259974 -3.13873
-7.46002 7e+06 0.140519 -2.91067
-105.326 7e+06 -0.140519 2.91067
-18.293 7e+06 0.11762 -2.44018
-75.2565 7e+06 -6.12574e-17 -2.35619
-87.7184 7e+06 0.117701 -2.28091
-8.37614 7e+06 0.14038 -2.58399
24.7833 7e+06 0.259974 -2.51042
-24.2363 7e+06 -0.11762 -2.58637
-36.8514 7e+06 -0.14038 -2.44256
14.1966 7e+06 -0.259974 -2.51613
-45.2625 7e+06 -6.12574e-17 -2.67035
-32.0748 7e+06 -0.117701 -2.74563
-43.9097 7e+06 -0.140519 -2.28235
-26.0567 7e+06 0.140519 -2.74419
-292.306 7e+06 0.11762 -1.95805
-355.99 7e+06 0.14038 -1.81424
-304.469 7e+06 0.259974 -1.88781
-196.505 7e+06 -6.12574e-17 -2.04204
-172.706 7e+06 0.117701 -2.11732
-244.996 7e+06 -0.11762 -1.81186
-319.626 7e+06 -6.12574e-17 -1.72788
-219.459 7e+06 -0.117701 -1.65259
-148.574 7e+06 -0.14038 -1.95567
-64.0696 7e+06 -0.259974 -1.8821
-296.301 7e+06 0.140519 -1.65404
-65.1818 7e+06 -0.140519 -2.11588
69.6172 7e+06 0.547676 -2.98973
142.709 7e+06 0.684719 -2.93381
140.855 7e+06 0.670047 -3.1121
40.9884 7e+06 0.41814 -2.91755
25.3394 7e+06 0.40618 -3.0694
66.9075 7e+06 0.547676 -2.66514
43.4275 7e+06 0.41814 -2.73732
48.6342 7e+06 0.40618 -2.58547
132.294 7e+06 0.684719 -2.72106
116.312 7e+06 0.670047 -2.54277
10.3135 7e+06 0.283913 -2.82743
188.632 7e+06 0.823235 -2.82743
259.234 7e+06 0.11762 -1.18354
89.1114 7e+06 0.14038 -1.32735
50.656 7e+06 0.259974 -1.25378
369.388 7e+06 -6.12574e-17 -1.09956
373.153 7e+06 0.117701 -1.02428
111.951 7e+06 -0.11762 -1.32973
51.2374 7e+06 -6.12574e-17 -1.41372
-70.3864 7e+06 -0.117701 -1.489
218.316 7e+06 -0.14038 -1.18592
25.5374 7e+06 -0.259974 -1.2595
-103.497 7e+06 0.140519 -1.48756
298.68 7e+06 -0.140519 -1.02572
-191.821 7e+06 0.547676 -1.73309
-250.975 7e+06 0.684719 -1.67717
-186.641 7e+06 0.670047 -1.85546
-245.428 7e+06 0.41814 -1.66091
-245.762 7e+06 0.40618 -1.81276
-202.522 7e+06 0.547676 -1.4085
-198.313 7e+06 0.41814 -1.48068
-123.321 7e+06 0.40618 -1.32883
-273.195 7e+06 0.684719 -1.46442
-219.431 7e+06 0.670047 -1.28613
-237.38 7e+06 0.283913 -1.5708
-262.419 7e+06 0.823235 -1.5708
334.95 7e+06 -0.11762 -0.555223
256.588 7e+06 -6.12574e-17 -0.471239
253.479 7e+06 -0.117701 -0.395958
358.812 7e+06 -0.14038 -0.699032
276.227 7e+06 -0.259974 -0.62546
320.616 7e+06 0.11762 -0.701414
397.157 7e+06 -6.12574e-17 -0.785398
375.018 7e+06 0.117701 -0.860679
223.623 7e+06 0.14038 -0.557605
184.002 7e+06 0.259974 -0.631177
332.487 7e+06 -0.140519 -0.859239
118.415 7e+06 0.140519 -0.397398
-245.025 7e+06 0.547676 -0.151861
-174.168 7e+06 0.41814 -0.224041
-194.751 7e+06 0.40618 -0.0721924
-228.944 7e+06 0.684719 -0.207784
-245.492 7e+06 0.670047 -0.0294944
-93.4035 7e+06 0.547676 -0.476457
-137.397 7e+06 0.684719 -0.420534
-31.9024 7e+06 0.670047 -0.598824
-76.5548 7e+06 0.41814 -0.404277
39.4855 7e+06 0.40618 -0.556126
-36.6547 7e+06 0.283913 -0.314159
-117.849 7e+06 0.823235 -0.314159
-181.382 7e+06 0.878828 1.5708
-126.485 7e+06 0.922213 1.34868
-112.777 7e+06 0.784315 1.38208
-182.46 7e+06 0.922213 1.79291
-206.826 7e+06 0.784315 1.75951
-65.1264 7e+06 1.15562 1.5708
-97.3945 7e+06 1.0831 1.28285
9.57861 7e+06 1.2162 1.17835
-53.6608 7e+06 1.0831 1.85874
135.224 7e+06 1.2162 1.96324
-70.437 7e+06 0.961253 1.08678
-38.3135 7e+06 0.961253 2.05482
-68.7324 7e+06 0.878828 0.314159
-31.0073 7e+06 0.922213 0.536276
-140.088 7e+06 0.784315 0.502871
-75.4434 7e+06 0.922213 0.092042
-169.65 7e+06 0.784315 0.125447
72.7603 7e+06 1.15562 0.314159
63.6775 7e+06 1.0831 0.602103
79.9053 7e+06 1.2162 0.706604
20.8993 7e+06 1.0831 0.0262153
84.1009 7e+06 1.2162 -0.0782858
-28.3138 7e+06 0.961253 0.798179
-53.7656 7e+06 0.961253 -0.169861
271.594 7e+06 0.878828 2.82743
275.736 7e+06 0.922213 2.60532
207.081 7e+06 0.784315 2.63872
268.784 7e+06 0.922213 3.04955
199.321 7e+06 0.784315 3.01615
396.283 7e+06 1.15562 2.82743
332.095 7e+06 1.0831 2.53949
335.813 7e+06 1.2162 2.43499
331.112 7e+06 1.0831 3.11538
353.833 7e+06 1.2162 -3.06331
169.601 7e+06 0.961253 2.34341
234.013 7e+06 0.961253 -2.97173
-31.3835 7e+06 0.878828 -2.19911
-103.223 7e+06 0.922213 -1.977
-147.209 7e+06 0.784315 -2.0104
80.0503 7e+06 0.922213 -2.42123
53.3694 7e+06 0.784315 -2.38783
105.776 7e+06 1.15562 -2.19911
-25.0407 7e+06 1.0831 -1.91117
51.5909 7e+06 1.2162 -1.80667
151.099 7e+06 1.0831 -2.48706
231.756 7e+06 1.2162 -2.59156
-164.582 7e+06 0.961253 -1.71509
163.516 7e+06 0.961253 -2.68313
-30.1371 7e+06 0.878828 -0.942478
-136.129 7e+06 0.922213 -1.1646
-130.882 7e+06 0.784315 -1.13119
14.6419 7e+06 0.922213 -0.720361
17.9969 7e+06 0.784315 -0.753766
6.5861 7e+06 1.15562 -0.942478
-87.3496 7e+06 1.0831 -1.23042
14.9936 7e+06 1.2162 -1.33492
37.41 7e+06 1.0831 -0.654534
76.7534 7e+06 1.2162 -0.550033
-188.688 7e+06 0.961253 -1.4265
6.199 7e+06 0.961253 -0.458458

