-100.924 7e+06 -1.5708 -3.14159
70.7198 7e+06 -0.463648 0.942478
6.72469 7e+06 -0.463648 2.19911
101.844 7e+06 -0.463648 -2.82743
-58.015 7e+06 -0.463648 -1.5708
101.999 7e+06 -0.463648 -0.314159
-56.2048 7e+06 0.463648 1.5708
3.5707 7e+06 0.463648 2.82743
-66.6125 7e+06 0.463648 -2.19911
88.8046 7e+06 0.463648 -0.942478
-142.659 7e+06 0.463648 0.314159
267.302 7e+06 1.5708 -3.14159
156.239 7e+06 -1.01722 -2.82743
109.049 7e+06 -1.01722 -1.5708
229.991 7e+06 -0.553574 -2.19911
67.199 7e+06 -1.01722 2.19911
-106.232 7e+06 -0.553574 2.82743
-302.376 7e+06 -1.01722 -0.314159
-156.528 7e+06 -0.553574 -0.942478
-127.647 7e+06 -1.01722 0.942478
-35.438 7e+06 -0.553574 0.314159
141.356 7e+06 -0.553574 1.5708
109.907 7e+06 -6.12574e-17 0.628319
14.707 7e+06 -6.12574e-17 9.44655e-08
166.32 7e+06 -6.12574e-17 1.25664
-189.996 7e+06 0.553574 0.942478
199.228 7e+06 -6.12574e-17 1.88496
-195.492 7e+06 -6.12574e-17 2.51327
-241.512 7e+06 0.553574 2.19911
-35.0064 7e+06 -6.12574e-17 -3.14159
-28.0591 7e+06 -6.12574e-17 -2.51327
-301.146 7e+06 -6.12574e-17 -1.88496
75.8846 7e+06 0.553574 -2.82743
242.859 7e+06 -6.12574e-17 -1.25664
-205.17 7e+06 0.553574 -1.5708
348.593 7e+06 -6.12574e-17 -0.628318
-195.973 7e+06 0.553574 -0.314159
-170.288 7e+06 1.01722 1.5708
23.1538 7e+06 1.01722 0.314159
342.214 7e+06 1.01722 2.82743
40.4532 7e+06 1.01722 -2.19911
-30.6434 7e+06 1.01722 -0.942478
119.711 7e+06 -1.29401 -2.82743
36.6585 7e+06 -1.29401 -1.5708
244.945 7e+06 -1.10715 -2.19911
-1.59989 7e+06 -1.29401 2.19911
55.4793 7e+06 -1.10715 2.82743
-324.127 7e+06 -1.29401 -0.314159
-204.905 7e+06 -1.10715 -0.942478
-217.244 7e+06 -1.29401 0.942478
-316.858 7e+06 -1.10715 0.314159
-38.4186 7e+06 -1.10715 1.5708
-24.1419 7e+06 -0.530217 0.636469
99.9295 7e+06 -0.2346 0.776572
43.5476 7e+06 -0.280039 0.48402
-30.2321 7e+06 -0.740435 0.942478
-130.621 7e+06 -0.809014 0.551765
192.331 7e+06 -0.2346 1.10838
103.17 7e+06 -6.12574e-17 0.942478
117.586 7e+06 -0.530217 1.24849
216.538 7e+06 -0.280039 1.40094
22.7492 7e+06 -0.809014 1.33319
-158.527 7e+06 -0.2346 2.36502
170.102 7e+06 -0.2346 2.03321
-147.813 7e+06 -6.12574e-17 2.19911
-161.585 7e+06 -0.530217 2.50512
-200.156 7e+06 -0.280039 2.65757
-23.4883 7e+06 -0.740435 2.19911
182.393 7e+06 -0.530217 1.89311
89.0766 7e+06 -0.809014 1.8084
-67.481 7e+06 -0.809014 2.58983
242.024 7e+06 -0.280039 1.74066
16.492 7e+06 -0.2346 -2.66153
164.2 7e+06 -0.530217 -2.52142
34.9741 7e+06 -0.280039 -2.36898
-9.22143 7e+06 -0.2346 -2.99334
-52.6052 7e+06 -6.12574e-17 -2.82743
125.714 7e+06 -0.740435 -2.82743
290.779 7e+06 -0.809014 -2.43672
-24.1819 7e+06 -0.530217 -3.13344
27.4253 7e+06 -0.809014 3.06504
-99.063 7e+06 -0.280039 2.99729
-46.2493 7e+06 -0.2346 -1.40489
-150.738 7e+06 -0.2346 -1.7367
-169.471 7e+06 -6.12574e-17 -1.5708
-160.09 7e+06 -0.530217 -1.26479
88.9135 7e+06 -0.280039 -1.11234
71.9428 7e+06 -0.740435 -1.5708
157.137 7e+06 -0.530217 -1.8768
284 7e+06 -0.809014 -1.96151
-150.911 7e+06 -0.809014 -1.18008
29.1047 7e+06 -0.280039 -2.02925
184.851 7e+06 -0.2346 -0.148253
68.038 7e+06 -0.530217 -0.00815047
83.2552 7e+06 -0.280039 0.144299
273.454 7e+06 -0.2346 -0.480065
151.398 7e+06 -6.12574e-17 -0.314159
-146.333 7e+06 -0.740435 -0.314159
-168.901 7e+06 -0.809014 0.0765534
-12.0526 7e+06 -0.530217 -0.620168
-223.734 7e+06 -0.809014 -0.704872
230.734 7e+06 -0.280039 -0.772617
131.602 7e+06 0.2346 1.40489
100.747 7e+06 0.2346 1.7367
232.004 7e+06 -6.12574e-17 1.5708
-74.5384 7e+06 0.530217 1.26479
-55.0936 7e+06 0.280039 1.11234
-167.723 7e+06 0.740435 1.5708
-84.683 7e+06 0.809014 1.18008
-257.78 7e+06 0.530217 1.8768
-174.45 7e+06 0.809014 1.96151
-232.846 7e+06 0.280039 2.02925
-122.294 7e+06 0.2346 2.66153
-42.4168 7e+06 0.530217 2.52142
-261.861 7e+06 0.280039 2.36898
-14.085 7e+06 0.2346 2.99334
-100.352 7e+06 -6.12574e-17 2.82743
185.148 7e+06 0.740435 2.82743
124.271 7e+06 0.809014 2.43672
64.7275 7e+06 0.530217 3.13344
201.165 7e+06 0.809014 -3.06504
6.79602 7e+06 0.280039 -2.99729
-177.994 7e+06 0.530217 -1.89311
-224.219 7e+06 0.2346 -2.03321
-314.81 7e+06 0.280039 -1.74066
-54.42 7e+06 0.740435 -2.19911
-214.005 7e+06 0.809014 -1.8084
-10.423 7e+06 0.2346 -2.36502
-116.552 7e+06 -6.12574e-17 -2.19911
70.909 7e+06 0.530217 -2.50512
21.8691 7e+06 0.280039 -2.65757
132.906 7e+06 0.809014 -2.58983
214.495 7e+06 0.2346 -1.10838
-149.991 7e+06 0.530217 -1.24849
-96.8118 7e+06 0.280039 -1.40094
264.557 7e+06 0.2346 -0.776572
402.471 7e+06 -6.12574e-17 -0.942478
-11.0362 7e+06 0.740435 -0.942478
-239.238 7e+06 0.809014 -1.33319
23.7063 7e+06 0.530217 -0.636469
-30.6201 7e+06 0.809014 -0.551765
74.3361 7e+06 0.280039 -0.48402
-73.6932 7e+06 0.2346 0.148253
-13.8152 7e+06 0.2346 0.480065
53.1816 7e+06 -6.12574e-17 0.314159
-237.815 7e+06 0.530217 0.00815061
-104.391 7e+06 0.280039 -0.144299
-179.043 7e+06 0.530217 0.620168
-70.4035 7e+06 0.280039 0.772617
-170.608 7e+06 0.740435 0.314159
-138.045 7e+06 0.809014 0.704872
-174.3 7e+06 0.809014 -0.0765533
102.567 7e+06 1.29401 1.5708
113.211 7e+06 1.29401 0.314159
12.3959 7e+06 1.10715 0.942478
388.797 7e+06 1.29401 2.82743
175.942 7e+06 1.10715 2.19911
90.276 7e+06 1.29401 -0.942478
176.046 7e+06 1.29401 -2.19911
-74.3278 7e+06 1.10715 -1.5708
47.1844 7e+06 1.10715 -0.314159
245.009 7e+06 1.10715 -2.82743
29.232 7e+06 -1.4324 -2.82743
-31.476 7e+06 -1.4324 -1.5708
112.119 7e+06 -1.34489 -2.19911
-62.0892 7e+06 -1.4324 2.19911
27.0477 7e+06 -1.34489 2.82743
-226.28 7e+06 -1.4324 -0.314159
-179.089 7e+06 -1.34489 -0.942478
-186.765 7e+06 -1.4324 0.942478
-305.136 7e+06 -1.34489 0.314159
-98.7931 7e+06 -1.34489 1.5708
11.5412 7e+06 -0.501871 0.792258
84.6885 7e+06 -0.350231 0.856043
34.9549 7e+06 -0.383257 0.710723
15.4637 7e+06 -0.602041 0.942478
-37.2954 7e+06 -0.640914 0.777479
147.071 7e+06 -0.350231 1.02891
142.424 7e+06 -0.237746 0.942478
99.0396 7e+06 -0.501871 1.0927
176.671 7e+06 -0.383257 1.17423
37.9698 7e+06 -0.640914 1.10748
-85.0995 7e+06 -0.350231 2.28555
98.7173 7e+06 -0.350231 2.11268
-32.3312 7e+06 -0.237746 2.19911
-114.118 7e+06 -0.501871 2.34933
-161.441 7e+06 -0.383257 2.43087
-5.43054 7e+06 -0.602041 2.19911
135.444 7e+06 -0.501871 2.0489
91.9292 7e+06 -0.640914 2.03412
-114.533 7e+06 -0.640914 2.36411
233.213 7e+06 -0.383257 1.96736
76.0187 7e+06 -0.350231 -2.741
143.841 7e+06 -0.501871 -2.67721
87.7366 7e+06 -0.383257 -2.59568
50.1427 7e+06 -0.350231 -2.91387
32.0431 7e+06 -0.237746 -2.82743
109.501 7e+06 -0.602041 -2.82743
169.687 7e+06 -0.640914 -2.66243
40.9932 7e+06 -0.501871 -2.97765
39.1649 7e+06 -0.640914 -2.99243
-5.9927 7e+06 -0.383257 -3.05919
-110.764 7e+06 -0.350231 -1.48436
-81.2662 7e+06 -0.350231 -1.65723
-137.028 7e+06 -0.237746 -1.5708
-115.105 7e+06 -0.501871 -1.42058
-103.389 7e+06 -0.383257 -1.33904
4.82878 7e+06 -0.602041 -1.5708
52.0712 7e+06 -0.501871 -1.72102
135.49 7e+06 -0.640914 -1.73579
-92.9194 7e+06 -0.640914 -1.4058
13.8827 7e+06 -0.383257 -1.80255
186.199 7e+06 -0.350231 -0.227725
94.0103 7e+06 -0.501871 -0.163939
163.065 7e+06 -0.383257 -0.0824039
191.118 7e+06 -0.350231 -0.400594
224.974 7e+06 -0.237746 -0.314159
-26.2583 7e+06 -0.602041 -0.314159
-21.3006 7e+06 -0.640914 -0.14916
52.1512 7e+06 -0.501871 -0.464379
-92.7327 7e+06 -0.640914 -0.479158
168.544 7e+06 -0.383257 -0.545914
59.0624 7e+06 0.350231 1.48436
21.1515 7e+06 0.350231 1.65723
155.199 7e+06 0.237746 1.5708
-51.6756 7e+06 0.501871 1.42058
17.8885 7e+06 0.383257 1.33904
-129.868 7e+06 0.602041 1.5708
-103.216 7e+06 0.640914 1.4058
-143.236 7e+06 0.501871 1.72102
-198.153 7e+06 0.640914 1.7358
-116.374 7e+06 0.383257 1.80255
-61.2827 7e+06 0.350231 2.741
-15.1863 7e+06 0.501871 2.67721
-109.942 7e+06 0.383257 2.59568
-10.8506 7e+06 0.350231 2.91387
-52.4147 7e+06 0.237746 2.82743
84.0684 7e+06 0.602041 2.82743
101.701 7e+06 0.640914 2.66243
49.7483 7e+06 0.501871 2.97765
123.958 7e+06 0.640914 2.99243
3.17151 7e+06 0.383257 3.05919
-110.849 7e+06 0.501871 -2.0489
-135.454 7e+06 0.350231 -2.11268
-203.141 7e+06 0.383257 -1.96736
-30.9385 7e+06 0.602041 -2.19911
-123.023 7e+06 0.640914 -2.03412
-46.2859 7e+06 0.350231 -2.28555
-103.525 7e+06 0.237746 -2.19911
10.9433 7e+06 0.501871 -2.34933
33.7782 7e+06 0.383257 -2.43087
55.9408 7e+06 0.640914 -2.36411
143.155 7e+06 0.350231 -1.02891
-23.1814 7e+06 0.501871 -1.0927
2.5809 7e+06 0.383257 -1.17423
182.51 7e+06 0.350231 -0.856043
285.761 7e+06 0.237746 -0.942478
26.1721 7e+06 0.602041 -0.942478
-93.6353 7e+06 0.640914 -1.10748
91.415 7e+06 0.501871 -0.792258
45.2182 7e+06 0.640914 -0.777479
142.112 7e+06 0.383257 -0.710723
-100.464 7e+06 0.350231 0.227725
-71.318 7e+06 0.350231 0.400594
-32.5009 7e+06 0.237746 0.314159
-194.966 7e+06 0.501871 0.16394
-160.246 7e+06 0.383257 0.082404
-157.527 7e+06 0.501871 0.464379
-99.5383 7e+06 0.383257 0.545915
-202.415 7e+06 0.602041 0.314159
-195.322 7e+06 0.640914 0.479158
-229.258 7e+06 0.640914 0.149161
232.123 7e+06 1.4324 1.5708
185.615 7e+06 1.4324 0.314159
124.339 7e+06 1.34489 0.942478
338.917 7e+06 1.4324 2.82743
291.279 7e+06 1.34489 2.19911
185.862 7e+06 1.4324 -0.942478
255.168 7e+06 1.4324 -2.19911
132.877 7e+06 1.34489 -1.5708
137.962 7e+06 1.34489 -0.314159
323.487 7e+06 1.34489 -2.82743
154.503 7e+06 -0.878828 -2.82743
236.255 7e+06 -0.922213 -2.60532
210.551 7e+06 -0.784315 -2.63872
93.7501 7e+06 -0.922213 -3.04955
62.8745 7e+06 -0.784315 -3.01615
141.672 7e+06 -1.15562 -2.82743
214.951 7e+06 -1.0831 -2.53949
188.584 7e+06 -1.2162 -2.43499
90.0693 7e+06 -1.0831 -3.11538
78.6847 7e+06 -1.2162 3.06331
294.412 7e+06 -0.961253 -2.34341
59.5037 7e+06 -0.961253 2.97173
114.718 7e+06 -0.878828 -1.5708
234.85 7e+06 -0.922213 -1.79291
204.486 7e+06 -0.784315 -1.75951
-18.6773 7e+06 -0.922213 -1.34868
-42.9969 7e+06 -0.784315 -1.38208
80.8503 7e+06 -1.15562 -1.5708
208.371 7e+06 -1.0831 -1.85874
174.097 7e+06 -1.2162 -1.96324
-51.7853 7e+06 -1.0831 -1.28285
-104.003 7e+06 -1.2162 -1.17835
289.228 7e+06 -0.961253 -2.05482
-151.01 7e+06 -0.961253 -1.08678
216.23 7e+06 -0.547676 -2.03682
277.994 7e+06 -0.684719 -2.09274
230.988 7e+06 -0.670047 -1.91445
148.068 7e+06 -0.41814 -2.109
112.61 7e+06 -0.40618 -1.95715
206.094 7e+06 -0.547676 -2.36141
136.815 7e+06 -0.41814 -2.28923
102.57 7e+06 -0.40618 -2.44108
289.431 7e+06 -0.684719 -2.30549
234.395 7e+06 -0.670047 -2.48378
55.8436 7e+06 -0.283913 -2.19911
319.738 7e+06 -0.823235 -2.19911
10.641 7e+06 -0.878828 2.19911
65.3068 7e+06 -0.922213 1.977
65.814 7e+06 -0.784315 2.0104
-1.79214 7e+06 -0.922213 2.42123
-84.3597 7e+06 -0.784315 2.38783
58.4591 7e+06 -1.15562 2.19911
61.2651 7e+06 -1.0831 2.48706
39.3094 7e+06 -1.2162 2.59156
47.0717 7e+06 -1.0831 1.91117
-12.7395 7e+06 -1.2162 1.80667
36.1679 7e+06 -0.961253 1.71509
24.8346 7e+06 -0.961253 2.68313
-143.544 7e+06 -0.547676 2.66514
-172.52 7e+06 -0.41814 2.73732
-188.278 7e+06 -0.40618 2.58547
-82.7138 7e+06 -0.684719 2.72106
-131.152 7e+06 -0.670047 2.54277
-73.4878 7e+06 -0.547676 2.98973
-38.1027 7e+06 -0.684719 2.93381
-16.9318 7e+06 -0.670047 3.1121
-117.61 7e+06 -0.41814 2.91755
-68.3309 7e+06 -0.40618 3.0694
-158.488 7e+06 -0.283913 2.82743
-3.3211 7e+06 -0.823235 2.82743
-231.819 7e+06 -0.878828 -0.314159
-262.016 7e+06 -0.922213 -0.0920419
-145.901 7e+06 -0.784315 -0.125447
-247.326 7e+06 -0.922213 -0.536276
-201.184 7e+06 -0.784315 -0.502871
-342.338 7e+06 -1.15562 -0.314159
-348.703 7e+06 -1.0831 -0.0262151
-364.883 7e+06 -1.2162 0.0782859
-285.292 7e+06 -1.0831 -0.602103
-271.213 7e+06 -1.2162 -0.706604
-275.753 7e+06 -0.961253 0.169861
-231.516 7e+06 -0.961253 -0.798179
-97.5544 7e+06 -0.547676 -0.78018
-215.912 7e+06 -0.684719 -0.836103
-155.339 7e+06 -0.670047 -0.657813
25.3951 7e+06 -0.41814 -0.85236
101.578 7e+06 -0.40618 -0.700511
-166.371 7e+06 -0.547676 -1.10478
-29.0684 7e+06 -0.41814 -1.0326
-74.7854 7e+06 -0.40618 -1.18444
-221.765 7e+06 -0.684719 -1.04885
-177.915 7e+06 -0.670047 -1.22714
172.686 7e+06 -0.283913 -0.942478
-218.062 7e+06 -0.823235 -0.942478
-67.9392 7e+06 -0.878828 0.942478
-137.197 7e+06 -0.922213 0.720361
-87.8352 7e+06 -0.784315 0.753766
-38.3469 7e+06 -0.922213 1.1646
-1.34963 7e+06 -0.784315 1.13119
-196.765 7e+06 -1.15562 0.942478
-102.547 7e+06 -1.0831 1.23042
-121.63 7e+06 -1.2162 1.33492
-231.477 7e+06 -1.0831 0.654534
-306.064 7e+06 -1.2162 0.550033
-214.554 7e+06 -0.961253 0.458458
-14.3367 7e+06 -0.961253 1.4265
6.46402 7e+06 -0.547676 0.151861
30.1312 7e+06 -0.41814 0.224041
104.853 7e+06 -0.40618 0.0721926
-84.4735 7e+06 -0.684719 0.207784
-47.7762 7e+06 -0.670047 0.0294946
-42.3395 7e+06 -0.547676 0.476457
-91.3745 7e+06 -0.684719 0.420534
-76.0099 7e+06 -0.670047 0.598824
-1.36083 7e+06 -0.41814 0.404277
6.57227 7e+06 -0.40618 0.556126
36.9071 7e+06 -0.283913 0.314159
-170.382 7e+06 -0.823235 0.314159
158.379 7e+06 -0.547676 1.73309
104.958 7e+06 -0.684719 1.67717
127.284 7e+06 -0.670047 1.85546
198.846 7e+06 -0.41814 1.66091
221.75 7e+06 -0.40618 1.81276
130.358 7e+06 -0.547676 1.4085
190.799 7e+06 -0.41814 1.48068
187.133 7e+06 -0.40618 1.32883
80.535 7e+06 -0.684719 1.46442
60.0063 7e+06 -0.670047 1.28613
215.975 7e+06 -0.283913 1.5708
53.3127 7e+06 -0.823235 1.5708
60.1446 7e+06 0.11762 0.555223
93.5178 7e+06 -6.12574e-17 0.471239
42.721 7e+06 0.117701 0.395958
39.5494 7e+06 0.14038 0.699032
-33.7558 7e+06 0.259974 0.62546
116.183 7e+06 -0.11762 0.701414
92.5496 7e+06 -0.14038 0.557605
66.0511 7e+06 -0.259974 0.631177
106.135 7e+06 -6.12574e-17 0.785398
130.001 7e+06 -0.117701 0.860679
66.0601 7e+06 -0.140519 0.397399
17.0114 7e+06 0.140519 0.859239
91.4869 7e+06 -0.11762 -0.0730953
62.3665 7e+06 -0.14038 0.0707137
143.487 7e+06 -0.259974 -0.00285827
62.5254 7e+06 -6.12574e-17 -0.15708
162.25 7e+06 -0.117701 -0.232361
-37.4133 7e+06 0.11762 0.0730955
14.5309 7e+06 -6.12574e-17 0.15708
-2.86956 7e+06 0.117701 0.232361
-37.7203 7e+06 0.14038 -0.0707135
-110.135 7e+06 0.259974 0.00285844
48.6668 7e+06 -0.140519 0.23092
19.0999 7e+06 0.140519 -0.23092
189.614 7e+06 -0.11762 1.18354
212.703 7e+06 -0.14038 1.32735
217.565 7e+06 -0.259974 1.25378
121.778 7e+06 -6.12574e-17 1.09956
154.27 7e+06 -0.117701 1.02428
149.69 7e+06 0.11762 1.32973
68.3327 7e+06 0.14038 1.18592
40.9304 7e+06 0.259974 1.2595
204.365 7e+06 -6.12574e-17 1.41372
203.886 7e+06 0.117701 1.489
15.9064 7e+06 0.140519 1.02572
215.899 7e+06 -0.140519 1.48756
-197.726 7e+06 0.547676 0.78018
-195.355 7e+06 0.684719 0.836103
-201.913 7e+06 0.670047 0.657813
-159.882 7e+06 0.41814 0.85236
-132.66 7e+06 0.40618 0.700511
-138.67 7e+06 0.547676 1.10478
-147.873 7e+06 0.41814 1.0326
-77.1891 7e+06 0.40618 1.18444
-134.95 7e+06 0.684719 1.04885
-88.671 7e+06 0.670047 1.22714
-94.4784 7e+06 0.283913 0.942478
-116.39 7e+06 0.823235 0.942478
192.834 7e+06 -0.11762 1.95805
21.8655 7e+06 -6.12574e-17 2.04204
2.22761 7e+06 -0.117701 2.11732
269.871 7e+06 -0.14038 1.81424
279.622 7e+06 -0.259974 1.88781
170.513 7e+06 0.11762 1.81186
256.231 7e+06 -6.12574e-17 1.72788
224.067 7e+06 0.117701 1.65259
-5.18907 7e+06 0.14038 1.95567
-68.4145 7e+06 0.259974 1.8821
235.595 7e+06 -0.140519 1.65404
-180.174 7e+06 0.140519 2.11588
-165.793 7e+06 0.11762 2.58637
-234.416 7e+06 0.14038 2.44256
-195.693 7e+06 0.259974 2.51613
-149.226 7e+06 -6.12574e-17 2.67035
-103.011 7e+06 0.117701 2.74564
-195.758 7e+06 -0.11762 2.44018
-197.231 7e+06 -0.14038 2.58399
-193.074 7e+06 -0.259974 2.51042
-220.402 7e+06 -6.12574e-17 2.35619
-154.45 7e+06 -0.117701 2.28091
-268.516 7e+06 0.140519 2.28235
-168.386 7e+06 -0.140519 2.74419
-130.512 7e+06 0.547676 2.36141
-256.423 7e+06 0.41814 2.28923
-177.579 7e+06 0.40618 2.44108
-73.56 7e+06 0.684719 2.30549
51.6656 7e+06 0.670047 2.48378
-289.161 7e+06 0.547676 2.03682
-209.155 7e+06 0.684719 2.09274
-244.554 7e+06 0.670047 1.91445
-315.324 7e+06 0.41814 2.109
-266.92 7e+06 0.40618 1.95715
-303.391 7e+06 0.283913 2.19911
-36.6832 7e+06 0.823235 2.19911
-17.3838 7e+06 0.11762 3.0685
-55.5936 7e+06 -6.12574e-17 2.98451
-44.7136 7e+06 0.117701 2.90923
-5.92544 7e+06 0.14038 -3.07088
-5.62796 7e+06 0.259974 3.13873
-43.9218 7e+06 -0.11762 -3.0685
-25.7326 7e+06 -6.12574e-17 -2.98451
-19.5871 7e+06 -0.117701 -2.90923
-67.7001 7e+06 -0.14038 3.07088
-55.775 7e+06 -0.259974 -3.13873
-7.46002 7e+06 0.140519 -2.91067
-105.326 7e+06 -0.140519 2.91067
-18.293 7e+06 0.11762 -2.44018
-75.2565 7e+06 -6.12574e-17 -2.35619
-87.7184 7e+06 0.117701 -2.28091
-8.37614 7e+06 0.14038 -2.58399
24.7833 7e+06 0.259974 -2.51042
-24.2363 7e+06 -0.11762 -2.58637
-36.8514 7e+06 -0.14038 -2.44256
14.1966 7e+06 -0.259974 -2.51613
-45.2625 7e+06 -6.12574e-17 -2.67035
-32.0748 7e+06 -0.117701 -2.74563
-43.9097 7e+06 -0.140519 -2.28235
-26.0567 7e+06 0.140519 -2.74419
-292.306 7e+06 0.11762 -1.95805
-355.99 7e+06 0.14038 -1.81424
-304.469 7e+06 0.259974 -1.88781
-196.505 7e+06 -6.12574e-17 -2.04204
-172.706 7e+06 0.117701 -2.11732
-244.996 7e+06 -0.11762 -1.81186
-319.626 7e+06 -6.12574e-17 -1.72788
-219.459 7e+06 -0.117701 -1.65259
-148.574 7e+06 -0.14038 -1.95567
-64.0696 7e+06 -0.259974 -1.8821
-296.301 7e+06 0.140519 -1.65404
-65.1818 7e+06 -0.140519 -2.11588
69.6172 7e+06 0.547676 -2.98973
142.709 7e+06 0.684719 -2.93381
140.855 7e+06 0.670047 -3.1121
40.9884 7e+06 0.41814 -2.91755
25.3394 7e+06 0.40618 -3.0694
66.9075 7e+06 0.547676 -2.66514
43.4275 7e+06 0.41814 -2.73732
48.6342 7e+06 0.40618 -2.58547
132.294 7e+06 0.684719 -2.72106
116.312 7e+06 0.670047 -2.54277
10.3135 7e+06 0.283913 -2.82743
188.632 7e+06 0.823235 -2.82743
259.234 7e+06 0.11762 -1.18354
89.1114 7e+06 0.14038 -1.32735
50.656 7e+06 0.259974 -1.25378
369.388 7e+06 -6.12574e-17 -1.09956
373.153 7e+06 0.117701 -1.02428
111.951 7e+06 -0.11762 -1.32973
51.2374 7e+06 -6.12574e-17 -1.41372
-70.3864 7e+06 -0.117701 -1.489
218.316 7e+06 -0.14038 -1.18592
25.5374 7e+06 -0.259974 -1.2595
-103.497 7e+06 0.140519 -1.48756
298.68 7e+06 -0.140519 -1.02572
-191.821 7e+06 0.547676 -1.73309
-250.975 7e+06 0.684719 -1.67717
-186.641 7e+06 0.670047 -1.85546
-245.428 7e+06 0.41814 -1.66091
-245.762 7e+06 0.40618 -1.81276
-202.522 7e+06 0.547676 -1.4085
-198.313 7e+06 0.41814 -1.48068
-123.321 7e+06 0.40618 -1.32883
-273.195 7e+06 0.684719 -1.46442
-219.431 7e+06 0.670047 -1.28613
-237.38 7e+06 0.283913 -1.5708
-262.419 7e+06 0.823235 -1.5708
334.95 7e+06 -0.11762 -0.555223
256.588 7e+06 -6.12574e-17 -0.471239
253.479 7e+06 -0.117701 -0.395958
358.812 7e+06 -0.14038 -0.699032
276.227 7e+06 -0.259974 -0.62546
320.616 7e+06 0.11762 -0.701414
397.157 7e+06 -6.12574e-17 -0.785398
375.018 7e+06 0.117701 -0.860679
223.623 7e+06 0.14038 -0.557605
184.002 7e+06 0.259974 -0.631177
332.487 7e+06 -0.140519 -0.859239
118.415 7e+06 0.140519 -0.397398
-245.025 7e+06 0.547676 -0.151861
-174.168 7e+06 0.41814 -0.224041
-194.751 7e+06 0.40618 -0.0721924
-228.944 7e+06 0.684719 -0.207784
-245.492 7e+06 0.670047 -0.0294944
-93.4035 7e+06 0.547676 -0.476457
-137.397 7e+06 0.684719 -0.420534
-31.9024 7e+06 0.670047 -0.598824
-76.5548 7e+06 0.41814 -0.404277
39.4855 7e+06 0.40618 -0.556126
-36.6547 7e+06 0.283913 -0.314159
-117.849 7e+06 0.823235 -0.314159
-181.382 7e+06 0.878828 1.5708
-126.485 7e+06 0.922213 1.34868
-112.777 7e+06 0.784315 1.38208
-182.46 7e+06 0.922213 1.79291
-206.826 7e+06 0.784315 1.75951
-65.1264 7e+06 1.15562 1.5708
-97.3945 7e+06 1.0831 1.28285
9.57861 7e+06 1.2162 1.17835
-53.6608 7e+06 1.0831 1.85874
135.224 7e+06 1.2162 1.96324
-70.437 7e+06 0.961253 1.08678
-38.3135 7e+06 0.961253 2.05482
-68.7324 7e+06 0.878828 0.314159
-31.0073 7e+06 0.922213 0.536276
-140.088 7e+06 0.784315 0.502871
-75.4434 7e+06 0.922213 0.092042
-169.65 7e+06 0.784315 0.125447
72.7603 7e+06 1.15562 0.314159
63.6775 7e+06 1.0831 0.602103
79.9053 7e+06 1.2162 0.706604
20.8993 7e+06 1.0831 0.0262153
84.1009 7e+06 1.2162 -0.0782858
-28.3138 7e+06 0.961253 0.798179
-53.7656 7e+06 0.961253 -0.169861
271.594 7e+06 0.878828 2.82743
275.736 7e+06 0.922213 2.60532
207.081 7e+06 0.784315 2.63872
268.784 7e+06 0.922213 3.04955
199.321 7e+06 0.784315 3.01615
396.283 7e+06 1.15562 2.82743
332.095 7e+06 1.0831 2.53949
335.813 7e+06 1.2162 2.43499
331.112 7e+06 1.0831 3.11538
353.833 7e+06 1.2162 -3.06331
169.601 7e+06 0.961253 2.34341
234.013 7e+06 0.961253 -2.97173
-31.3835 7e+06 0.878828 -2.19911
-103.223 7e+06 0.922213 -1.977
-147.209 7e+06 0.784315 -2.0104
80.0503 7e+06 0.922213 -2.42123
53.3694 7e+06 0.784315 -2.38783
105.776 7e+06 1.15562 -2.19911
-25.0407 7e+06 1.0831 -1.91117
51.5909 7e+06 1.2162 -1.80667
151.099 7e+06 1.0831 -2.48706
231.756 7e+06 1.2162 -2.59156
-164.582 7e+06 0.961253 -1.71509
163.516 7e+06 0.961253 -2.68313
-30.1371 7e+06 0.878828 -0.942478
-136.129 7e+06 0.922213 -1.1646
-130.882 7e+06 0.784315 -1.13119
14.6419 7e+06 0.922213 -0.720361
17.9969 7e+06 0.784315 -0.753766
6.5861 7e+06 1.15562 -0.942478
-87.3496 7e+06 1.0831 -1.23042
14.9936 7e+06 1.2162 -1.33492
37.41 7e+06 1.0831 -0.654534
76.7534 7e+06 1.2162 -0.550033
-188.688 7e+06 0.961253 -1.4265
6.199 7e+06 0.961253 -0.458458
-32.5306 7e+06 -1.5016 -2.82743
-70.4649 7e+06 -1.5016 -1.5708
8.70709 7e+06 -1.45859 -2.19911
-81.8697 7e+06 -1.5016 2.19911
-26.9483 7e+06 -1.45859 2.82743
-160.76 7e+06 -1.5016 -0.314159
-137.897 7e+06 -1.45859 -0.942478
-150.573 7e+06 -1.5016 0.942478
-212.127 7e+06 -1.45859 0.314159
-118.771 7e+06 -1.45859 1.5708
38.4744 7e+06 -0.483921 0.868122
78.1178 7e+06 -0.407279 0.898203
47.2878 7e+06 -0.426242 0.825251
42.2017 7e+06 -0.532844 0.942478
12.6583 7e+06 -0.553216 0.865045
110.053 7e+06 -0.407279 0.986753
114.586 7e+06 -0.351438 0.942478
86.1004 7e+06 -0.483921 1.01683
126.953 7e+06 -0.426242 1.0597
55.1888 7e+06 -0.553216 1.01991
-39.572 7e+06 -0.407279 2.24339
51.2163 7e+06 -0.407279 2.15484
-3.20892 7e+06 -0.351438 2.19911
-57.9665 7e+06 -0.483921 2.27347
-95.4994 7e+06 -0.426242 2.31634
4.32861 7e+06 -0.532844 2.19911
75.8421 7e+06 -0.483921 2.12476
64.4067 7e+06 -0.553216 2.12168
-61.4133 7e+06 -0.553216 2.27655
127.573 7e+06 -0.426242 2.08189
96.8443 7e+06 -0.407279 -2.78316
124.974 7e+06 -0.483921 -2.75308
111.148 7e+06 -0.426242 -2.71021
77.7896 7e+06 -0.407279 -2.87171
72.9005 7e+06 -0.351438 -2.82743
108.793 7e+06 -0.532844 -2.82743
136.422 7e+06 -0.553216 -2.75
75.2452 7e+06 -0.483921 -2.90179
75.0958 7e+06 -0.553216 -2.90487
50.5511 7e+06 -0.426242 -2.94466
-96.4279 7e+06 -0.407279 -1.52652
-63.4511 7e+06 -0.407279 -1.61507
-102.489 7e+06 -0.351438 -1.5708
-87.2811 7e+06 -0.483921 -1.49644
-111.657 7e+06 -0.426242 -1.45357
-27.025 7e+06 -0.532844 -1.5708
-5.52654 7e+06 -0.483921 -1.64515
34.351 7e+06 -0.553216 -1.64823
-67.4803 7e+06 -0.553216 -1.49336
-16.6506 7e+06 -0.426242 -1.68802
151.474 7e+06 -0.407279 -0.269884
96.2297 7e+06 -0.483921 -0.239803
144.779 7e+06 -0.426242 -0.196932
146.109 7e+06 -0.407279 -0.358434
185.806 7e+06 -0.351438 -0.314159
39.1389 7e+06 -0.532844 -0.314159
37.3954 7e+06 -0.553216 -0.236726
74.9501 7e+06 -0.483921 -0.388515
6.09112 7e+06 -0.553216 -0.391592
128.547 7e+06 -0.426242 -0.431386
-1.06221 7e+06 0.407279 1.52652
-20.2879 7e+06 0.407279 1.61507
48.2737 7e+06 0.351438 1.5708
-54.1372 7e+06 0.483921 1.49644
-5.35977 7e+06 0.426242 1.45357
-98.2602 7e+06 0.532844 1.5708
-90.4114 7e+06 0.553216 1.49336
-93.773 7e+06 0.483921 1.64515
-133.78 7e+06 0.553216 1.64823
-69.401 7e+06 0.426242 1.68802
-32.049 7e+06 0.407279 2.78316
-7.96801 7e+06 0.483921 2.75308
-48.9149 7e+06 0.426242 2.71021
-4.6242 7e+06 0.407279 2.87171
-31.906 7e+06 0.351438 2.82743
39.2741 7e+06 0.532844 2.82743
36.4967 7e+06 0.553216 2.75
30.6859 7e+06 0.483921 2.90179
65.737 7e+06 0.553216 2.90487
13.8982 7e+06 0.426242 2.94466
-82.6712 7e+06 0.483921 -2.12476
-100.186 7e+06 0.407279 -2.15484
-124.268 7e+06 0.426242 -2.08189
-39.5824 7e+06 0.532844 -2.19911
-66.9928 7e+06 0.553216 -2.12168
-65.5962 7e+06 0.407279 -2.24339
-92.414 7e+06 0.351438 -2.19911
-31.5177 7e+06 0.483921 -2.27347
-20.3338 7e+06 0.426242 -2.31634
-6.25951 7e+06 0.553216 -2.27655
110.63 7e+06 0.407279 -0.986753
41.4809 7e+06 0.483921 -1.01683
55.516 7e+06 0.426242 -1.0597
135.823 7e+06 0.407279 -0.898203
173.05 7e+06 0.351438 -0.942478
53.4532 7e+06 0.532844 -0.942478
1.77917 7e+06 0.553216 -1.01991
94.9988 7e+06 0.483921 -0.868122
67.1786 7e+06 0.553216 -0.865045
130.246 7e+06 0.426242 -0.825251
-117.668 7e+06 0.407279 0.269884
-104.257 7e+06 0.407279 0.358435
-81.7229 7e+06 0.351438 0.314159
-167.3 7e+06 0.483921 0.239803
-146.055 7e+06 0.426242 0.196932
-148.585 7e+06 0.483921 0.388515
-113.832 7e+06 0.426242 0.431386
-180.722 7e+06 0.532844 0.314159
-182.316 7e+06 0.553216 0.391592
-201.541 7e+06 0.553216 0.236727
263.293 7e+06 1.5016 1.5708
228.593 7e+06 1.5016 0.314159
213.263 7e+06 1.45859 0.942478
306.008 7e+06 1.5016 2.82743
297.302 7e+06 1.45859 2.19911
231.251 7e+06 1.5016 -0.942478
273.136 7e+06 1.5016 -2.19911
223.242 7e+06 1.45859 -1.5708
199.63 7e+06 1.45859 -0.314159
311.674 7e+06 1.45859 -2.82743
159.997 7e+06 -0.948025 -2.82743
196.813 7e+06 -0.972583 -2.70864
196.547 7e+06 -0.903525 -2.71943
123.873 7e+06 -0.972583 -2.94622
120.784 7e+06 -0.903525 -2.93544
149.705 7e+06 -1.08642 -2.82743
187.05 7e+06 -1.05462 -2.69179
175.979 7e+06 -1.1234 -2.67262
120.19 7e+06 -1.05462 -2.96307
115.24 7e+06 -1.1234 -2.98225
230.487 7e+06 -1.0029 -2.57656
95.6873 7e+06 -1.0029 -3.07831
117.447 7e+06 -0.948025 -1.5708
178.775 7e+06 -0.972583 -1.68959
179.959 7e+06 -0.903525 -1.6788
47.1597 7e+06 -0.972583 -1.45201
49.6818 7e+06 -0.903525 -1.46279
95 7e+06 -1.08642 -1.5708
166.044 7e+06 -1.05462 -1.70644
150.617 7e+06 -1.1234 -1.72561
30.5791 7e+06 -1.05462 -1.43516
13.6366 7e+06 -1.1234 -1.41598
227.262 7e+06 -1.0029 -1.82167
-29.1287 7e+06 -1.0029 -1.31992
228.108 7e+06 -0.552096 -2.11782
262.581 7e+06 -0.619814 -2.14842
249.986 7e+06 -0.616382 -2.06342
189.877 7e+06 -0.486276 -2.15244
186.52 7e+06 -0.483176 -2.07413
222.805 7e+06 -0.552096 -2.28041
183.354 7e+06 -0.486276 -2.24579
172.031 7e+06 -0.483176 -2.32409
265.597 7e+06 -0.619814 -2.24981
252.93 7e+06 -0.616382 -2.33481
145.639 7e+06 -0.419651 -2.19911
292.65 7e+06 -0.687498 -2.19911
41.9653 7e+06 -0.948025 2.19911
63.9202 7e+06 -0.972583 2.08033
47.2829 7e+06 -0.903525 2.09111
38.8336 7e+06 -0.972583 2.3179
-1.52188 7e+06 -0.903525 2.30712
73.5113 7e+06 -1.08642 2.19911
66.5397 7e+06 -1.05462 2.33476
63.8436 7e+06 -1.1234 2.35393
71.4846 7e+06 -1.05462 2.06347
59.9001 7e+06 -1.1234 2.0443
63.0758 7e+06 -1.0029 1.94824
44.6772 7e+06 -1.0029 2.44999
-125.316 7e+06 -0.552096 2.74614
-141.18 7e+06 -0.486276 2.78076
-159.298 7e+06 -0.483176 2.70245
-92.3243 7e+06 -0.619814 2.77674
-114.608 7e+06 -0.616382 2.69174
-89.5258 7e+06 -0.552096 2.90873
-71.8068 7e+06 -0.619814 2.87813
-59.8203 7e+06 -0.616382 2.96313
-116.338 7e+06 -0.486276 2.87411
-95.9391 7e+06 -0.483176 2.95241
-147.014 7e+06 -0.419651 2.82743
-54.5334 7e+06 -0.687498 2.82743
-269.421 7e+06 -0.948025 -0.314159
-292.546 7e+06 -0.972583 -0.195369
-244.5 7e+06 -0.903525 -0.206153
-270.494 7e+06 -0.972583 -0.432949
-245.706 7e+06 -0.903525 -0.422165
-326.181 7e+06 -1.08642 -0.314159
-333.51 7e+06 -1.05462 -0.178518
-353.095 7e+06 -1.1234 -0.159341
-296.869 7e+06 -1.05462 -0.4498
-314.745 7e+06 -1.1234 -0.468977
-317.274 7e+06 -1.0029 -0.0632867
-266.563 7e+06 -1.0029 -0.565031
-135.223 7e+06 -0.552096 -0.861181
-198.203 7e+06 -0.619814 -0.891781
-170.595 7e+06 -0.616382 -0.806782
-75.6303 7e+06 -0.486276 -0.895804
-43.7518 7e+06 -0.483176 -0.817497
-163.941 7e+06 -0.552096 -1.02377
-96.3626 7e+06 -0.486276 -0.989151
-107.27 7e+06 -0.483176 -1.06746
-208.599 7e+06 -0.619814 -0.993174
-204.5 7e+06 -0.616382 -1.07817
-5.24646 7e+06 -0.419651 -0.942478
-228.213 7e+06 -0.687498 -0.942478
-93.2129 7e+06 -0.948025 0.942478
-133.051 7e+06 -0.972583 0.823688
-103.651 7e+06 -0.903525 0.834471
-78.7481 7e+06 -0.972583 1.06127
-51.1601 7e+06 -0.903525 1.05048
-165.647 7e+06 -1.08642 0.942478
-119.145 7e+06 -1.05462 1.07812
-148.088 7e+06 -1.1234 1.0973
-180.176 7e+06 -1.05462 0.806837
-220.809 7e+06 -1.1234 0.78766
-179.394 7e+06 -1.0029 0.691605
-70.6987 7e+06 -1.0029 1.19335
-18.6239 7e+06 -0.552096 0.232863
-3.08007 7e+06 -0.486276 0.267486
22.6394 7e+06 -0.483176 0.189179
-55.0993 7e+06 -0.619814 0.263463
-38.3134 7e+06 -0.616382 0.178464
-43.1378 7e+06 -0.552096 0.395456
-64.9449 7e+06 -0.619814 0.364856
-65.6432 7e+06 -0.616382 0.449855
-19.5462 7e+06 -0.486276 0.360833
-22.8353 7e+06 -0.483176 0.439139
6.95851 7e+06 -0.419651 0.314159
-92.724 7e+06 -0.687498 0.314159
148.138 7e+06 -0.552096 1.65209
118.895 7e+06 -0.619814 1.62149
129.609 7e+06 -0.616382 1.70649
172.707 7e+06 -0.486276 1.61747
179.682 7e+06 -0.483176 1.69578
135.903 7e+06 -0.552096 1.4895
167.778 7e+06 -0.486276 1.52412
164.081 7e+06 -0.483176 1.44582
109.876 7e+06 -0.619814 1.5201
102.502 7e+06 -0.616382 1.4351
193.463 7e+06 -0.419651 1.5708
91.898 7e+06 -0.687498 1.5708
90.4182 7e+06 0.0588493 0.591898
104.884 7e+06 -6.12574e-17 0.549779
85.2112 7e+06 0.0588619 0.513085
84.1193 7e+06 0.0702337 0.6635
52.8294 7e+06 0.129331 0.627021
117.441 7e+06 -0.0588493 0.66474
111.178 7e+06 -0.0702337 0.593137
105.306 7e+06 -0.129331 0.629616
109.433 7e+06 -6.12574e-17 0.706858
119.945 7e+06 -0.0588619 0.743552
100.629 7e+06 -0.0702552 0.514208
77.5904 7e+06 0.0702552 0.742429
48.345 7e+06 -0.0588493 -0.0364209
37.8858 7e+06 -0.0702337 0.035182
74.6294 7e+06 -0.129331 -0.00129716
32.7732 7e+06 -6.12574e-17 -0.0785397
74.9343 7e+06 -0.0588619 -0.115233
-12.8071 7e+06 0.0588493 0.0364211
8.96162 7e+06 -6.12574e-17 0.0785399
-9.78996 7e+06 0.0588619 0.115233
-10.3585 7e+06 0.0702337 -0.0351819
-42.939 7e+06 0.129331 0.00129734
31.459 7e+06 -0.0702552 0.11411
10.4546 7e+06 0.0702552 -0.11411
178.471 7e+06 -0.0588493 1.22022
196.01 7e+06 -0.0702337 1.29182
205.221 7e+06 -0.129331 1.25534
142.912 7e+06 -6.12574e-17 1.1781
159.134 7e+06 -0.0588619 1.1414
156.428 7e+06 0.0588493 1.29306
123.388 7e+06 0.0702337 1.22146
110.211 7e+06 0.129331 1.25793
187.24 7e+06 -6.12574e-17 1.33518
183.837 7e+06 0.0588619 1.37187
93.8342 7e+06 0.0702552 1.14253
205.897 7e+06 -0.0702552 1.37075
-199.106 7e+06 0.552096 0.861182
-198.54 7e+06 0.619814 0.891781
-207.444 7e+06 0.616382 0.806782
-184.71 7e+06 0.486276 0.895804
-181.274 7e+06 0.483176 0.817498
-168.916 7e+06 0.552096 1.02377
-174.066 7e+06 0.486276 0.989152
-150.913 7e+06 0.483176 1.06746
-172.098 7e+06 0.619814 0.993174
-140.939 7e+06 0.616382 1.07817
-162.703 7e+06 0.419651 0.942478
-171.858 7e+06 0.687498 0.942478
197.475 7e+06 -0.0588493 1.92138
117.623 7e+06 -6.12574e-17 1.9635
111.687 7e+06 -0.0588619 2.00019
248.45 7e+06 -0.0702337 1.84977
251.275 7e+06 -0.129331 1.88625
192.732 7e+06 0.0588493 1.84853
247.025 7e+06 -6.12574e-17 1.80642
234.671 7e+06 0.0588619 1.76972
110.562 7e+06 0.0702337 1.92014
90.1754 7e+06 0.129331 1.88366
263.439 7e+06 -0.0702552 1.77085
17.7176 7e+06 0.0702552 1.99907
-180.946 7e+06 0.0588493 2.5497
-211.259 7e+06 0.0702337 2.47809
-200.115 7e+06 0.129331 2.51457
-172.06 7e+06 -6.12574e-17 2.59181
-150.687 7e+06 0.0588619 2.62851
-200.056 7e+06 -0.0588493 2.47685
-191.395 7e+06 -0.0702337 2.54846
-195.213 7e+06 -0.129331 2.51198
-215.385 7e+06 -6.12574e-17 2.43473
-207.081 7e+06 -0.0588619 2.39804
-237.46 7e+06 0.0702552 2.39916
-179.871 7e+06 -0.0702552 2.62738
-189.703 7e+06 0.552096 2.28041
-251.411 7e+06 0.486276 2.24579
-200.933 7e+06 0.483176 2.32409
-165.647 7e+06 0.619814 2.24981
-102.517 7e+06 0.616382 2.33481
-275.252 7e+06 0.552096 2.11782
-226.453 7e+06 0.619814 2.14842
-257.329 7e+06 0.616382 2.06342
-294.244 7e+06 0.486276 2.15244
-306.993 7e+06 0.483176 2.07413
-298.556 7e+06 0.419651 2.19911
-150.232 7e+06 0.687498 2.19911
-27.4148 7e+06 0.0588493 3.10517
-43.8407 7e+06 -6.12574e-17 3.06305
-34.6616 7e+06 0.0588619 3.02636
-19.5808 7e+06 0.0702337 -3.10641
-12.1207 7e+06 0.129331 3.1403
-40.5867 7e+06 -0.0588493 -3.10517
-27.9303 7e+06 -6.12574e-17 -3.06305
-34.7416 7e+06 -0.0588619 -3.02636
-50.2269 7e+06 -0.0702337 3.10641
-54.5467 7e+06 -0.129331 -3.1403
-12.9337 7e+06 0.0702552 -3.02748
-62.2829 7e+06 -0.0702552 3.02748
-25.1598 7e+06 0.0588493 -2.47685
-47.1336 7e+06 -6.12574e-17 -2.43473
-49.6701 7e+06 0.0588619 -2.39804
-18.4125 7e+06 0.0702337 -2.54846
-5.10819 7e+06 0.129331 -2.51198
-29.0941 7e+06 -0.0588493 -2.54969
-37.9632 7e+06 -0.0702337 -2.47809
-26.5946 7e+06 -0.129331 -2.51457
-29.1674 7e+06 -6.12574e-17 -2.59181
-34.7251 7e+06 -0.0588619 -2.62851
-60.0628 7e+06 -0.0702552 -2.39916
-28.2129 7e+06 0.0702552 -2.62738
-304.859 7e+06 0.0588493 -1.92138
-342.992 7e+06 0.0702337 -1.84977
-335.872 7e+06 0.129331 -1.88625
-251.53 7e+06 -6.12574e-17 -1.9635
-248.405 7e+06 0.0588619 -2.00019
-280.741 7e+06 -0.0588493 -1.84853
-329.13 7e+06 -6.12574e-17 -1.80642
-296.969 7e+06 -0.0588619 -1.76972
-233.65 7e+06 -0.0702337 -1.92014
-202.303 7e+06 -0.129331 -1.88366
-352.829 7e+06 0.0702552 -1.77085
-182.713 7e+06 -0.0702552 -1.99907
76.0813 7e+06 0.552096 -2.90873
104.561 7e+06 0.619814 -2.87813
105.491 7e+06 0.616382 -2.96313
58.788 7e+06 0.486276 -2.87411
52.3454 7e+06 0.483176 -2.95241
70.5433 7e+06 0.552096 -2.74614
58.3082 7e+06 0.486276 -2.78076
54.7869 7e+06 0.483176 -2.70245
96.5942 7e+06 0.619814 -2.77674
92.991 7e+06 0.616382 -2.69174
45.4362 7e+06 0.419651 -2.82743
136.942 7e+06 0.687498 -2.82743
262.323 7e+06 0.0588493 -1.22022
180.66 7e+06 0.0702337 -1.29182
176.106 7e+06 0.129331 -1.25534
316.35 7e+06 -6.12574e-17 -1.1781
334.124 7e+06 0.0588619 -1.1414
192.204 7e+06 -0.0588493 -1.29306
154.707 7e+06 -6.12574e-17 -1.33518
97.4664 7e+06 -0.0588619 -1.37187
256.152 7e+06 -0.0702337 -1.22146
173.164 7e+06 -0.129331 -1.25793
88.9937 7e+06 0.0702552 -1.37075
315.229 7e+06 -0.0702552 -1.14253
-196.606 7e+06 0.552096 -1.65209
-225.156 7e+06 0.619814 -1.62149
-205.2 7e+06 0.616382 -1.70649
-210.544 7e+06 0.486276 -1.61747
-219.647 7e+06 0.483176 -1.69578
-209.836 7e+06 0.552096 -1.4895
-204.407 7e+06 0.486276 -1.52412
-193.952 7e+06 0.483176 -1.44582
-239.878 7e+06 0.619814 -1.5201
-236.948 7e+06 0.616382 -1.4351
-225.261 7e+06 0.419651 -1.5708
-273.717 7e+06 0.687498 -1.5708
349.787 7e+06 -0.0588493 -0.591897
306.904 7e+06 -6.12574e-17 -0.549779
308.676 7e+06 -0.0588619 -0.513085
374.643 7e+06 -0.0702337 -0.6635
355.563 7e+06 -0.129331 -0.627021
338.169 7e+06 0.0588493 -0.664739
377.842 7e+06 -6.12574e-17 -0.706858
370.952 7e+06 0.0588619 -0.743552
293.711 7e+06 0.0702337 -0.593137
275.246 7e+06 0.129331 -0.629616
384.962 7e+06 -0.0702552 -0.742429
243.667 7e+06 0.0702552 -0.514208
-229.041 7e+06 0.552096 -0.232863
-194.302 7e+06 0.486276 -0.267485
-219.25 7e+06 0.483176 -0.189179
-224.38 7e+06 0.619814 -0.263463
-246.886 7e+06 0.616382 -0.178463
-149.095 7e+06 0.552096 -0.395456
-177.01 7e+06 0.619814 -0.364856
-125.606 7e+06 0.616382 -0.449855
-145.326 7e+06 0.486276 -0.360833
-91.7953 7e+06 0.483176 -0.439139
-133.67 7e+06 0.419651 -0.314159
-191.379 7e+06 0.687498 -0.314159
-183.946 7e+06 0.948025 1.5708
-159.476 7e+06 0.972583 1.45201
-155.646 7e+06 0.903525 1.46279
-183.184 7e+06 0.972583 1.68959
-197.193 7e+06 0.903525 1.6788
-130.294 7e+06 1.08642 1.5708
-141.487 7e+06 1.05462 1.43516
-97.9517 7e+06 1.1234 1.41598
-134.819 7e+06 1.05462 1.70644
-66.9504 7e+06 1.1234 1.72561
-125.506 7e+06 1.0029 1.31992
-134.945 7e+06 1.0029 1.82167
-18.1078 7e+06 0.948025 0.314159
6.81862 7e+06 0.972583 0.432949
-42.6212 7e+06 0.903525 0.422166
-20.9959 7e+06 0.972583 0.195369
-67.2872 7e+06 0.903525 0.206153
52.1795 7e+06 1.08642 0.314159
51.2719 7e+06 1.05462 0.4498
74.8687 7e+06 1.1234 0.468977
21.8055 7e+06 1.05462 0.178518
50.0616 7e+06 1.1234 0.159341
23.8819 7e+06 1.0029 0.565032
-24.5201 7e+06 1.0029 0.0632868
307.769 7e+06 0.948025 2.82743
318.323 7e+06 0.972583 2.70864
285.112 7e+06 0.903525 2.71943
309.923 7e+06 0.972583 2.94622
275.439 7e+06 0.903525 2.93544
374.424 7e+06 1.08642 2.82743
355.354 7e+06 1.05462 2.69179
377.909 7e+06 1.1234 2.67262
347.506 7e+06 1.05462 2.96307
373.455 7e+06 1.1234 2.98225
308.737 7e+06 1.0029 2.57656
302.283 7e+06 1.0029 3.07831
4.06381 7e+06 0.948025 -2.19911
-30.8396 7e+06 0.972583 -2.08033
-65.7813 7e+06 0.903525 -2.09111
61.5716 7e+06 0.972583 -2.3179
27.5265 7e+06 0.903525 -2.30712
73.8355 7e+06 1.08642 -2.19911
9.85746 7e+06 1.05462 -2.06347
43.4625 7e+06 1.1234 -2.0443
101.568 7e+06 1.05462 -2.33476
134.574 7e+06 1.1234 -2.35393
-66.1991 7e+06 1.0029 -1.94824
113.708 7e+06 1.0029 -2.44999
-32.9782 7e+06 0.948025 -0.942478
-80.2853 7e+06 0.972583 -1.06127
-81.7407 7e+06 0.903525 -1.05048
2.52113 7e+06 0.972583 -0.823688
1.73522 7e+06 0.903525 -0.834471
-20.0608 7e+06 1.08642 -0.942478
-67.3461 7e+06 1.05462 -1.07812
-38.3036 7e+06 1.1234 -1.0973
8.96894 7e+06 1.05462 -0.806837
24.2017 7e+06 1.1234 -0.78766
-121.747 7e+06 1.0029 -1.19335
22.7664 7e+06 1.0029 -0.691605
135.229 7e+06 -1.22481 -2.82743
155.137 7e+06 -1.26069 -2.60752
167.114 7e+06 -1.19256 -2.64608
100.647 7e+06 -1.26069 -3.04734
109.507 7e+06 -1.19256 -3.00879
81.803 7e+06 -1.36321 -2.82743
122.414 7e+06 -1.33116 -2.54546
73.0297 7e+06 -1.39688 -2.43619
71.7908 7e+06 -1.33116 -3.1094
25.4572 7e+06 -1.39688 3.06451
160.44 7e+06 -1.28236 -2.34261
62.4377 7e+06 -1.28236 2.97093
63.1001 7e+06 -1.22481 -1.5708
114.497 7e+06 -1.26069 -1.79071
135.025 7e+06 -1.19256 -1.75215
-34.822 7e+06 -1.26069 -1.35089
-6.42071 7e+06 -1.19256 -1.38944
4.52848 7e+06 -1.36321 -1.5708
84.0768 7e+06 -1.33116 -1.85276
50.5182 7e+06 -1.39688 -1.96204
-70.1152 7e+06 -1.33116 -1.28883
-105.656 7e+06 -1.39688 -1.17956
147.045 7e+06 -1.28236 -2.05562
-141.271 7e+06 -1.28236 -1.08597
217.86 7e+06 -1.16417 -2.09609
234.678 7e+06 -1.10102 -2.02492
191.971 7e+06 -1.15015 -1.90321
220.614 7e+06 -1.16417 -2.30214
193.973 7e+06 -1.22524 -2.19911
236.83 7e+06 -1.10102 -2.37331
202.098 7e+06 -1.15015 -2.49502
269.595 7e+06 -1.03533 -2.11809
255.886 7e+06 -1.0243 -1.96659
270.751 7e+06 -1.03533 -2.28014
257.862 7e+06 -1.0243 -2.43164
298.261 7e+06 -0.966148 -2.19911
-35.0891 7e+06 -1.36321 2.19911
0.207673 7e+06 -1.33116 2.48108
-17.1715 7e+06 -1.39688 2.59036
-45.5728 7e+06 -1.33116 1.91715
-84.6565 7e+06 -1.39688 1.80787
30.8564 7e+06 -1.22481 2.19911
-1.98576 7e+06 -1.26069 1.97921
33.6185 7e+06 -1.19256 2.01776
22.2456 7e+06 -1.26069 2.41902
44.6147 7e+06 -1.19256 2.38047
31.2371 7e+06 -1.28236 2.68394
-54.5091 7e+06 -1.28236 1.71429
49.8361 7e+06 -1.16417 2.72441
55.1 7e+06 -1.10102 2.65323
52.914 7e+06 -1.15015 2.53153
61.3297 7e+06 -1.16417 2.93046
51.2902 7e+06 -1.22524 2.82743
67.4353 7e+06 -1.10102 3.00163
84.6875 7e+06 -1.15015 3.12334
49.6597 7e+06 -1.03533 2.7464
47.9424 7e+06 -1.0243 2.59491
59.0328 7e+06 -1.03533 2.90846
74.341 7e+06 -1.0243 3.05995
41.4859 7e+06 -0.966148 2.82743
-343.701 7e+06 -1.22481 -0.314159
-353.446 7e+06 -1.26069 -0.0942501
-362.14 7e+06 -1.19256 -0.132803
-304.108 7e+06 -1.26069 -0.534068
-319.573 7e+06 -1.19256 -0.495515
-284.551 7e+06 -1.36321 -0.314159
-322.46 7e+06 -1.33116 -0.0321904
-273.322 7e+06 -1.39688 0.0770811
-266.826 7e+06 -1.33116 -0.596128
-209.351 7e+06 -1.39688 -0.705399
-347.141 7e+06 -1.28236 0.170666
-235.094 7e+06 -1.28236 -0.798984
-236.562 7e+06 -1.16417 -0.839454
-257.029 7e+06 -1.10102 -0.768279
-288.169 7e+06 -1.15015 -0.646573
-161.406 7e+06 -1.16417 -1.0455
-196.299 7e+06 -1.22524 -0.942478
-133.476 7e+06 -1.10102 -1.11668
-75.3226 7e+06 -1.15015 -1.23838
-173.772 7e+06 -1.03533 -1.02351
-105.795 7e+06 -1.0243 -1.175
-226.846 7e+06 -1.03533 -0.861449
-255.121 7e+06 -1.0243 -0.709957
-201.523 7e+06 -0.966148 -0.942478
-214.941 7e+06 -1.22481 0.942478
-269.969 7e+06 -1.26069 0.722569
-253.062 7e+06 -1.19256 0.761122
-167.164 7e+06 -1.26069 1.16239
-165.108 7e+06 -1.19256 1.12383
-207.745 7e+06 -1.36321 0.942478
-158.339 7e+06 -1.33116 1.22445
-143.06 7e+06 -1.39688 1.33372
-267.2 7e+06 -1.33116 0.660509
-248.541 7e+06 -1.39688 0.551238
-111.594 7e+06 -1.28236 1.4273
-318.506 7e+06 -1.28236 0.457653
-350.773 7e+06 -1.16417 0.211136
-341.961 7e+06 -1.10102 0.139961
-362.386 7e+06 -1.15015 0.0182547
-319.364 7e+06 -1.16417 0.417183
-346.215 7e+06 -1.22524 0.314159
-278.316 7e+06 -1.10102 0.488358
-274.105 7e+06 -1.15015 0.610064
-266.657 7e+06 -1.03533 0.395188
-224.901 7e+06 -1.0243 0.54668
-302.225 7e+06 -1.03533 0.233131
-320.653 7e+06 -1.0243 0.0816384
-250.726 7e+06 -0.966148 0.314159
-29.3402 7e+06 -1.16417 1.67382
4.89405 7e+06 -1.10102 1.745
21.2615 7e+06 -1.15015 1.8667
-79.0995 7e+06 -1.16417 1.46777
-68.9395 7e+06 -1.22524 1.5708
-75.2561 7e+06 -1.10102 1.3966
-118.782 7e+06 -1.15015 1.27489
-31.2113 7e+06 -1.03533 1.48977
-55.3846 7e+06 -1.0243 1.33828
1.88371 7e+06 -1.03533 1.65183
36.6726 7e+06 -1.0243 1.80332
8.33278 7e+06 -0.966148 1.5708
-8.76282 7e+06 -0.517349 0.714991
-33.2569 7e+06 -0.586711 0.704379
-12.7976 7e+06 -0.571405 0.7852
4.19533 7e+06 -0.45701 0.67494
22.1919 7e+06 -0.442885 0.750343
-35.3293 7e+06 -0.540359 0.556882
-9.12986 7e+06 -0.468523 0.595036
-18.3558 7e+06 -0.477251 0.517751
-49.7909 7e+06 -0.600214 0.618549
-60.2672 7e+06 -0.609739 0.535024
-59.433 7e+06 -0.657412 0.689155
18.1272 7e+06 -0.395781 0.633794
91.5951 7e+06 -0.292634 0.815615
68.5687 7e+06 -0.309086 0.74443
57.283 7e+06 -0.367629 0.783845
118.912 7e+06 -0.236958 0.859493
117.085 7e+06 -0.294247 0.899998
109.337 7e+06 -0.176232 0.738601
81.8176 7e+06 -0.247916 0.704108
94.5294 7e+06 -0.188911 0.666774
121.333 7e+06 -0.176303 0.819064
122.855 7e+06 -0.118031 0.781046
49.9579 7e+06 -0.321853 0.670131
136.584 7e+06 -0.177869 0.901137
53.659 7e+06 -0.270704 0.557803
67.4404 7e+06 -0.210348 0.521362
79.975 7e+06 -0.200309 0.593944
25.7211 7e+06 -0.343315 0.519259
35.672 7e+06 -0.333295 0.594603
19.9486 7e+06 -0.349345 0.445153
-0.00240654 7e+06 -0.41322 0.480401
36.4717 7e+06 -0.282943 0.399137
20.3866 7e+06 -0.351355 0.358109
56.8322 7e+06 -0.210471 0.440063
79.9808 7e+06 -0.140895 0.477503
48.6658 7e+06 -0.212395 0.356423
-9.16286 7e+06 -0.671238 0.942478
-36.3562 7e+06 -0.692345 0.856575
-12.2508 7e+06 -0.623091 0.86113
3.18747 7e+06 -0.692345 1.02838
26.7039 7e+06 -0.623091 1.02383
-48.6104 7e+06 -0.809632 0.942478
-15.4957 7e+06 -0.764601 1.03485
-31.5592 7e+06 -0.833785 1.04174
-59.7144 7e+06 -0.764601 0.850105
-80.7014 7e+06 -0.833785 0.843213
-63.1277 7e+06 -0.712649 0.766358
15.6745 7e+06 -0.712649 1.1186
-111.484 7e+06 -0.799218 0.654046
-137.721 7e+06 -0.867361 0.630438
-111.276 7e+06 -0.853333 0.738385
-102.507 7e+06 -0.739668 0.576789
-85.8404 7e+06 -0.728669 0.672344
-114.453 7e+06 -0.747937 0.482365
-86.2135 7e+06 -0.679327 0.510207
-152.006 7e+06 -0.819654 0.433865
-126.265 7e+06 -0.75468 0.370815
-168.556 7e+06 -0.885662 0.509464
-175.724 7e+06 -0.945815 0.592943
-198.51 7e+06 -0.893507 0.380113
175.966 7e+06 -0.292634 1.06934
193.055 7e+06 -0.309086 1.14053
164.757 7e+06 -0.367629 1.10111
167.985 7e+06 -0.236958 1.02546
146.702 7e+06 -0.294247 0.984958
195.728 7e+06 -0.176232 1.14635
175.69 7e+06 -0.176303 1.06589
171.401 7e+06 -0.118031 1.10391
209.008 7e+06 -0.247916 1.18085
211.399 7e+06 -0.188911 1.21818
204.024 7e+06 -0.321853 1.21482
155.384 7e+06 -0.177869 0.983819
124.076 7e+06 -0.0588997 0.901721
103.416 7e+06 -6.12574e-17 0.863938
121.218 7e+06 -0.0588922 0.822908
130.411 7e+06 -0.0588997 0.983235
140.439 7e+06 -0.118092 0.942478
108.306 7e+06 -6.12574e-17 1.02102
141.824 7e+06 -0.0588922 1.06205
63.2936 7e+06 0.0703203 0.983891
72.573 7e+06 0.0703074 1.06282
63.7659 7e+06 0.0703203 0.901064
69.4885 7e+06 0.0703074 0.822135
10.6657 7e+06 0.141001 0.942478
109.336 7e+06 -0.517349 1.16996
149.047 7e+06 -0.45701 1.21002
140.152 7e+06 -0.442885 1.13461
76.5815 7e+06 -0.586711 1.18058
66.4052 7e+06 -0.571405 1.09976
124.438 7e+06 -0.540359 1.32807
85.9658 7e+06 -0.600214 1.26641
94.4662 7e+06 -0.609739 1.34993
155.693 7e+06 -0.468523 1.28992
160.242 7e+06 -0.477251 1.3672
183.742 7e+06 -0.395781 1.25116
49.2524 7e+06 -0.657412 1.1958
207.484 7e+06 -0.343315 1.3657
206.758 7e+06 -0.349345 1.4398
189.178 7e+06 -0.41322 1.40456
218.679 7e+06 -0.270704 1.32715
207.825 7e+06 -0.333295 1.29035
218.799 7e+06 -0.210348 1.36359
218.515 7e+06 -0.200309 1.29101
217.108 7e+06 -0.210471 1.44489
214.157 7e+06 -0.140895 1.40745
214.817 7e+06 -0.282943 1.48582
207.301 7e+06 -0.351355 1.52685
217.529 7e+06 -0.212395 1.52853
39.9402 7e+06 -0.739668 1.30817
51.4283 7e+06 -0.747937 1.40259
70.0961 7e+06 -0.679327 1.37475
10.8489 7e+06 -0.799218 1.23091
28.1386 7e+06 -0.728669 1.21261
-6.21048 7e+06 -0.867361 1.25452
-17.4854 7e+06 -0.853333 1.14657
4.6588 7e+06 -0.885662 1.37549
-29.2169 7e+06 -0.945815 1.29201
36.6239 7e+06 -0.819654 1.45109
65.1682 7e+06 -0.75468 1.51414
21.332 7e+06 -0.893507 1.50484
-125.356 7e+06 -0.292634 2.32598
-156.764 7e+06 -0.309086 2.39716
-128.688 7e+06 -0.367629 2.35775
-110.21 7e+06 -0.236958 2.2821
-58.8756 7e+06 -0.294247 2.2416
-182.834 7e+06 -0.176232 2.40299
-156.224 7e+06 -0.176303 2.32253
-188.593 7e+06 -0.118031 2.36055
-179.003 7e+06 -0.247916 2.43749
-191.773 7e+06 -0.188911 2.47482
-179.406 7e+06 -0.321853 2.47146
-98.8608 7e+06 -0.177869 2.24046
140.516 7e+06 -0.292634 2.07225
68.7833 7e+06 -0.236958 2.11613
36.1162 7e+06 -0.294247 2.15663
220.198 7e+06 -0.309086 2.00107
179.217 7e+06 -0.367629 2.04048
185.631 7e+06 -0.176232 1.99524
245.637 7e+06 -0.247916 1.96074
253.284 7e+06 -0.188911 1.92341
89.9728 7e+06 -0.176303 2.0757
101.942 7e+06 -0.118031 2.03768
-12.4634 7e+06 -0.177869 2.15777
261.929 7e+06 -0.321853 1.92677
-77.5112 7e+06 -0.0588997 2.15836
-71.4302 7e+06 -6.12574e-17 2.12058
13.2046 7e+06 -0.0588922 2.07955
-149.72 7e+06 -0.0588997 2.23987
-88.6758 7e+06 -0.118092 2.19911
-197.868 7e+06 -6.12574e-17 2.27765
-193.401 7e+06 -0.0588922 2.31868
-158.393 7e+06 0.0703203 2.1577
-76.2029 7e+06 0.0703074 2.07877
-217.191 7e+06 0.0703203 2.24053
-242.476 7e+06 0.0703074 2.31946
-240.92 7e+06 0.141001 2.19911
-150.151 7e+06 -0.517349 2.4266
-167.671 7e+06 -0.45701 2.46665
-140.942 7e+06 -0.442885 2.39125
-144.673 7e+06 -0.586711 2.43721
-115.529 7e+06 -0.571405 2.35639
-156.736 7e+06 -0.540359 2.58471
-149.04 7e+06 -0.600215 2.52304
-136.011 7e+06 -0.609739 2.60657
-175.19 7e+06 -0.468523 2.54656
-171.143 7e+06 -0.477251 2.62384
-181.873 7e+06 -0.395781 2.5078
-135.491 7e+06 -0.657412 2.45244
-196.962 7e+06 -0.343315 2.62233
-192.733 7e+06 -0.349345 2.69644
-185.446 7e+06 -0.41322 2.66119
-199.967 7e+06 -0.270704 2.58379
-192.607 7e+06 -0.333295 2.54699
-201.416 7e+06 -0.210348 2.62023
-199.354 7e+06 -0.200309 2.54765
-192.094 7e+06 -0.210471 2.70153
-189.663 7e+06 -0.140895 2.66409
-186.793 7e+06 -0.282943 2.74246
-172.461 7e+06 -0.351355 2.78348
-167.126 7e+06 -0.212395 2.78517
-17.9944 7e+06 -0.671238 2.19911
33.2546 7e+06 -0.692345 2.11321
48.7474 7e+06 -0.623091 2.11777
-72.0556 7e+06 -0.692345 2.28502
-68.8647 7e+06 -0.623091 2.28046
-14.328 7e+06 -0.809632 2.19911
25.6346 7e+06 -0.764601 2.10674
31.7095 7e+06 -0.833785 2.09985
-63.7551 7e+06 -0.764601 2.29149
-39.9088 7e+06 -0.833785 2.29838
75.2007 7e+06 -0.712649 2.023
-106.29 7e+06 -0.712649 2.37523
174.804 7e+06 -0.517349 1.97163
145.773 7e+06 -0.586711 1.96102
113.879 7e+06 -0.571405 2.04184
214.279 7e+06 -0.45701 1.93158
189.134 7e+06 -0.442885 2.00698
170.937 7e+06 -0.540359 1.81352
204.624 7e+06 -0.468523 1.85167
190.772 7e+06 -0.477251 1.77439
152.059 7e+06 -0.600214 1.87519
142.044 7e+06 -0.609739 1.79166
121.645 7e+06 -0.657412 1.94579
237.127 7e+06 -0.395781 1.89043
107.377 7e+06 -0.739668 1.83343
96.9197 7e+06 -0.747937 1.739
117.426 7e+06 -0.679327 1.76684
88.9438 7e+06 -0.799218 1.91068
103.381 7e+06 -0.728669 1.92898
76.7626 7e+06 -0.867361 1.88708
64.0698 7e+06 -0.853333 1.99502
72.2146 7e+06 -0.819654 1.6905
80.4914 7e+06 -0.75468 1.62745
64.8624 7e+06 -0.885662 1.7661
60.0355 7e+06 -0.945815 1.84958
42.6415 7e+06 -0.893507 1.63675
-104.335 7e+06 -0.739668 2.5648
-77.6789 7e+06 -0.747937 2.65923
-109.846 7e+06 -0.679327 2.63139
-84.8234 7e+06 -0.799218 2.48755
-116.751 7e+06 -0.728669 2.46925
-41.3276 7e+06 -0.867361 2.51115
-47.8585 7e+06 -0.853333 2.40321
-34.4108 7e+06 -0.819654 2.70773
-42.8207 7e+06 -0.75468 2.77078
-17.4906 7e+06 -0.885662 2.63213
11.8593 7e+06 -0.945815 2.54865
8.46982 7e+06 -0.893507 2.76148
267.048 7e+06 -0.270704 1.81444
264.981 7e+06 -0.210348 1.778
279.852 7e+06 -0.200309 1.85058
235.55 7e+06 -0.343315 1.7759
254.534 7e+06 -0.333295 1.85124
220.219 7e+06 -0.349345 1.70179
208.247 7e+06 -0.41322 1.73704
223.408 7e+06 -0.282943 1.65577
210.509 7e+06 -0.351355 1.61475
238.875 7e+06 -0.210471 1.6967
255.715 7e+06 -0.140895 1.73414
223.548 7e+06 -0.212395 1.61306
47.2349 7e+06 -0.292634 -2.70057
49.3045 7e+06 -0.309086 -2.62939
83.0965 7e+06 -0.367629 -2.6688
25.4008 7e+06 -0.236958 -2.74445
52.9959 7e+06 -0.294247 -2.78495
-9.35094 7e+06 -0.176232 -2.62356
15.0282 7e+06 -0.247916 -2.58906
-9.54165 7e+06 -0.188911 -2.55173
-6.59439 7e+06 -0.176303 -2.70402
-29.5055 7e+06 -0.118031 -2.666
48.9886 7e+06 -0.321853 -2.55509
2.03876 7e+06 -0.177869 -2.78609
154.848 7e+06 -0.517349 -2.59995
127.72 7e+06 -0.45701 -2.55989
122.639 7e+06 -0.442885 -2.6353
176.048 7e+06 -0.586711 -2.58933
157.723 7e+06 -0.571405 -2.67015
181.639 7e+06 -0.540359 -2.44184
198.484 7e+06 -0.600215 -2.5035
226.145 7e+06 -0.609739 -2.41998
135.065 7e+06 -0.468523 -2.47999
152.368 7e+06 -0.477251 -2.40271
90.9527 7e+06 -0.395781 -2.51875
200.6 7e+06 -0.657412 -2.57411
69.6053 7e+06 -0.343315 -2.40421
89.759 7e+06 -0.349345 -2.33011
122.102 7e+06 -0.41322 -2.36536
19.0772 7e+06 -0.270704 -2.44276
53.4289 7e+06 -0.333295 -2.47956
-11.6326 7e+06 -0.210348 -2.40632
-13.2383 7e+06 -0.200309 -2.4789
-3.86491 7e+06 -0.210471 -2.32502
-45.4862 7e+06 -0.140895 -2.36246
51.9254 7e+06 -0.282943 -2.28409
99.6186 7e+06 -0.351355 -2.24306
4.8623 7e+06 -0.212395 -2.24138
20.4303 7e+06 -0.292634 -2.9543
21.5269 7e+06 -0.236958 -2.91042
47.7948 7e+06 -0.294247 -2.86991
-6.42737 7e+06 -0.309086 -3.02548
23.1074 7e+06 -0.367629 -2.98607
-33.2708 7e+06 -0.176232 -3.03131
-33.8365 7e+06 -0.247916 -3.0658
-50.8256 7e+06 -0.188911 -3.10314
-8.77136 7e+06 -0.176303 -2.95085
-30.6588 7e+06 -0.118031 -2.98886
6.96707 7e+06 -0.177869 -2.86877
-34.1653 7e+06 -0.321853 -3.09978
-38.7803 7e+06 -0.0588997 -2.86819
-34.2387 7e+06 -6.12574e-17 -2.90597
-31.6665 7e+06 -0.0588922 -2.947
-52.3755 7e+06 -0.0588997 -2.78668
-23.3266 7e+06 -0.118092 -2.82743
-60.0545 7e+06 -6.12574e-17 -2.74889
-50.2739 7e+06 -0.0588922 -2.70786
-46.2124 7e+06 0.0703203 -2.78602
-42.8652 7e+06 0.0703074 -2.70709
-30.0772 7e+06 0.0703203 -2.86885
-14.6623 7e+06 0.0703074 -2.94778
-21.4549 7e+06 0.141001 -2.82743
113.804 7e+06 -0.671238 -2.82743
151.313 7e+06 -0.692345 -2.74153
140.827 7e+06 -0.623091 -2.74608
80.7332 7e+06 -0.692345 -2.91334
74.4533 7e+06 -0.623091 -2.90878
140.543 7e+06 -0.809632 -2.82743
168.011 7e+06 -0.764601 -2.73506
184.33 7e+06 -0.833785 -2.72817
93.439 7e+06 -0.764601 -2.91981
108.051 7e+06 -0.833785 -2.9267
189.37 7e+06 -0.712649 -2.65131
47.4653 7e+06 -0.712649 -3.00355
268.526 7e+06 -0.739668 -2.46174
297.483 7e+06 -0.747937 -2.36732
267.633 7e+06 -0.679327 -2.39516
254.651 7e+06 -0.799218 -2.539
229.08 7e+06 -0.728669 -2.5573
269.658 7e+06 -0.867361 -2.51539
228.544 7e+06 -0.853333 -2.62334
302.229 7e+06 -0.885662 -2.39442
272.947 7e+06 -0.945815 -2.4779
315.46 7e+06 -0.819654 -2.31882
312.341 7e+06 -0.75468 -2.25577
316.171 7e+06 -0.893507 -2.26507
7.6687 7e+06 -0.517349 -3.05492
4.78451 7e+06 -0.586711 -3.06553
38.6055 7e+06 -0.571405 -2.98471
-12.5615 7e+06 -0.45701 -3.09497
19.2845 7e+06 -0.442885 -3.01957
-52.2782 7e+06 -0.540359 3.07016
-45.9413 7e+06 -0.468523 3.10831
-73.5594 7e+06 -0.477251 3.03103
-25.2981 7e+06 -0.600215 3.13182
-46.0976 7e+06 -0.609739 3.0483
6.46845 7e+06 -0.657412 -3.08076
-37.9875 7e+06 -0.395781 -3.13612
2.97267 7e+06 -0.739668 3.09006
-5.3527 7e+06 -0.747937 2.99564
-29.0738 7e+06 -0.679327 3.02348
40.3152 7e+06 -0.799218 -3.11587
19.5922 7e+06 -0.728669 -3.09757
61.2577 7e+06 -0.867361 -3.13947
79.9475 7e+06 -0.853333 -3.03153
17.1485 7e+06 -0.819654 2.94714
-17.2994 7e+06 -0.75468 2.88409
49.9981 7e+06 -0.885662 3.02274
75.9179 7e+06 -0.945815 3.10622
32.6623 7e+06 -0.893507 2.89339
-76.921 7e+06 -0.270704 3.07108
-84.5716 7e+06 -0.210348 3.03464
-66.938 7e+06 -0.200309 3.10722
-86.7012 7e+06 -0.343315 3.03253
-61.205 7e+06 -0.333295 3.10788
-110.683 7e+06 -0.349345 2.95843
-93.9214 7e+06 -0.41322 2.99367
-126.892 7e+06 -0.282943 2.91241
-141.402 7e+06 -0.351355 2.87138
-106.626 7e+06 -0.210471 2.95334
-84.088 7e+06 -0.140895 2.99078
-134.65 7e+06 -0.212395 2.8697
-94.6657 7e+06 -0.292634 -1.44393
-99.2629 7e+06 -0.236958 -1.48781
-116.917 7e+06 -0.294247 -1.52832
-75.8519 7e+06 -0.309086 -1.37275
-109.244 7e+06 -0.367629 -1.41216
26.8535 7e+06 -0.176232 -1.36692
-48.0759 7e+06 -0.176303 -1.44738
22.0485 7e+06 -0.118031 -1.40936
-8.49573 7e+06 -0.247916 -1.33243
77.4432 7e+06 -0.188911 -1.29509
-119.572 7e+06 -0.177869 -1.52946
-53.3323 7e+06 -0.321853 -1.29845
-111.028 7e+06 -0.292634 -1.69766
-154.365 7e+06 -0.236958 -1.65378
-122.013 7e+06 -0.294247 -1.61328
-70.9953 7e+06 -0.309086 -1.76884
-38.7384 7e+06 -0.367629 -1.72943
-198.484 7e+06 -0.176232 -1.77467
-199.591 7e+06 -0.176303 -1.69421
-249.851 7e+06 -0.118031 -1.73223
-114.437 7e+06 -0.247916 -1.80917
-160.519 7e+06 -0.188911 -1.8465
-171.931 7e+06 -0.177869 -1.61214
-20.6029 7e+06 -0.321853 -1.84314
-206.956 7e+06 -0.0588997 -1.61155
-262.771 7e+06 -6.12574e-17 -1.64934
-271.908 7e+06 -0.0588922 -1.69037
-111.76 7e+06 -0.0588997 -1.53004
-156.124 7e+06 -0.118092 -1.5708
-60.6246 7e+06 -6.12574e-17 -1.49226
-7.47761 7e+06 -0.0588922 -1.45123
-237.776 7e+06 0.0703203 -1.61221
-318.502 7e+06 0.0703074 -1.69114
-128.587 7e+06 0.0703203 -1.52938
-17.4268 7e+06 0.0703074 -1.45045
-206.167 7e+06 0.141001 -1.5708
-140.589 7e+06 -0.517349 -1.34331
-130.699 7e+06 -0.45701 -1.30326
-123.015 7e+06 -0.442885 -1.37866
-146.592 7e+06 -0.586711 -1.3327
-108.636 7e+06 -0.571405 -1.41352
-167.875 7e+06 -0.540359 -1.1852
-176.874 7e+06 -0.600214 -1.24687
-194.574 7e+06 -0.609739 -1.16334
-131.03 7e+06 -0.468523 -1.22335
-120.032 7e+06 -0.477251 -1.14607
-92.9598 7e+06 -0.395781 -1.26211
-139.702 7e+06 -0.657412 -1.31747
-0.103522 7e+06 -0.343315 -1.14758
32.6329 7e+06 -0.349345 -1.07347
-50.2808 7e+06 -0.41322 -1.10872
57.0526 7e+06 -0.270704 -1.18612
-28.6851 7e+06 -0.333295 -1.22292
152.657 7e+06 -0.210348 -1.14968
119.094 7e+06 -0.200309 -1.22226
198.31 7e+06 -0.210471 -1.06838
265.889 7e+06 -0.140895 -1.10582
134.915 7e+06 -0.282943 -1.02746
69.5022 7e+06 -0.351355 -0.986427
235.471 7e+06 -0.212395 -0.984742
38.5446 7e+06 -0.671238 -1.5708
109 7e+06 -0.692345 -1.6567
72.4438 7e+06 -0.623091 -1.65214
-14.1209 7e+06 -0.692345 -1.48489
-43.419 7e+06 -0.623091 -1.48945
98.8296 7e+06 -0.809632 -1.5708
143.603 7e+06 -0.764601 -1.66317
167.798 7e+06 -0.833785 -1.67006
16.2464 7e+06 -0.764601 -1.47842
38.812 7e+06 -0.833785 -1.47153
172.829 7e+06 -0.712649 -1.74692
-68.7951 7e+06 -0.712649 -1.39468
108.825 7e+06 -0.517349 -1.79828
151.582 7e+06 -0.586711 -1.80889
96.4768 7e+06 -0.571405 -1.72807
92.6951 7e+06 -0.45701 -1.83833
38.0702 7e+06 -0.442885 -1.76293
193.133 7e+06 -0.540359 -1.95639
140.059 7e+06 -0.468523 -1.91824
170.863 7e+06 -0.477251 -1.99552
197.22 7e+06 -0.600215 -1.89473
229.175 7e+06 -0.609739 -1.97825
189.784 7e+06 -0.657412 -1.82412
68.2775 7e+06 -0.395781 -1.87948
260.403 7e+06 -0.739668 -1.93649
284.568 7e+06 -0.747937 -2.03091
259.242 7e+06 -0.679327 -2.00307
251.992 7e+06 -0.799218 -1.85923
223.731 7e+06 -0.728669 -1.84093
269.947 7e+06 -0.867361 -1.88284
226.595 7e+06 -0.853333 -1.77489
296.174 7e+06 -0.885662 -2.00381
271.194 7e+06 -0.945815 -1.92033
306.34 7e+06 -0.819654 -2.07941
304.907 7e+06 -0.75468 -2.14246
311.503 7e+06 -0.893507 -2.13316
-166.586 7e+06 -0.739668 -1.20511
-199.227 7e+06 -0.747937 -1.11068
-204.663 7e+06 -0.679327 -1.13853
-100.445 7e+06 -0.799218 -1.28236
-121.508 7e+06 -0.728669 -1.30066
-87.0425 7e+06 -0.867361 -1.25876
-25.207 7e+06 -0.853333 -1.3667
-192.453 7e+06 -0.819654 -1.06218
-222.455 7e+06 -0.75468 -0.999133
-143.626 7e+06 -0.885662 -1.13778
-88.0985 7e+06 -0.945815 -1.22126
-190.055 7e+06 -0.893507 -1.00843
-11.5843 7e+06 -0.270704 -1.95547
-56.3608 7e+06 -0.210348 -1.99191
-107.749 7e+06 -0.200309 -1.91933
75.0211 7e+06 -0.343315 -1.99401
32.6465 7e+06 -0.333295 -1.91867
97.471 7e+06 -0.349345 -2.06812
138.102 7e+06 -0.41322 -2.03287
-21.2343 7e+06 -0.210471 -2.07321
-101.605 7e+06 -0.140895 -2.03577
50.6304 7e+06 -0.282943 -2.11414
103.782 7e+06 -0.351355 -2.15517
0.0092975 7e+06 -0.212395 -2.15685
200.446 7e+06 -0.292634 -0.187296
188.453 7e+06 -0.309086 -0.116111
178.113 7e+06 -0.367629 -0.155526
204.295 7e+06 -0.236958 -0.231175
207.067 7e+06 -0.294247 -0.271679
141.701 7e+06 -0.176232 -0.110283
166.143 7e+06 -0.247916 -0.075789
122.185 7e+06 -0.188911 -0.0384554
173.093 7e+06 -0.176303 -0.190745
124.224 7e+06 -0.118031 -0.152728
166.768 7e+06 -0.321853 -0.0418127
204.938 7e+06 -0.177869 -0.272818
87.0763 7e+06 -0.517349 -0.0866726
121.64 7e+06 -0.45701 -0.0466207
136.523 7e+06 -0.442885 -0.122024
33.1371 7e+06 -0.586711 -0.0760606
38.789 7e+06 -0.571405 -0.156881
36.1671 7e+06 -0.540359 0.071437
10.5959 7e+06 -0.600214 0.00976992
-15.3281 7e+06 -0.609739 0.0932946
93.8209 7e+06 -0.468523 0.0332832
56.5247 7e+06 -0.477251 0.110568
140.097 7e+06 -0.395781 -0.00547546
-29.3815 7e+06 -0.657412 -0.0608361
100.537 7e+06 -0.343315 0.109059
61.4091 7e+06 -0.349345 0.183166
63.6343 7e+06 -0.41322 0.147918
116.668 7e+06 -0.270704 0.0705155
139.185 7e+06 -0.333295 0.033716
82.8528 7e+06 -0.210348 0.106957
102.839 7e+06 -0.200309 0.0343747
51.2848 7e+06 -0.282943 0.229181
31.6809 7e+06 -0.351355 0.27021
60.1346 7e+06 -0.210471 0.188256
51.1304 7e+06 -0.140895 0.150816
48.3994 7e+06 -0.212395 0.271895
234.204 7e+06 -0.292634 -0.441022
249.933 7e+06 -0.236958 -0.397144
218.797 7e+06 -0.294247 -0.356639
233.436 7e+06 -0.309086 -0.512207
183.259 7e+06 -0.367629 -0.472792
308.589 7e+06 -0.176232 -0.518036
280.542 7e+06 -0.247916 -0.552529
322.024 7e+06 -0.188911 -0.589863
277.87 7e+06 -0.176303 -0.437573
296.71 7e+06 -0.118031 -0.475591
241.413 7e+06 -0.177869 -0.3555
224.499 7e+06 -0.321853 -0.586505
207.96 7e+06 -0.0588997 -0.354916
205.121 7e+06 -6.12574e-17 -0.392699
258.646 7e+06 -0.0588922 -0.433729
155.682 7e+06 -0.0588997 -0.273402
206.588 7e+06 -0.118092 -0.314159
102.573 7e+06 -6.12574e-17 -0.235619
111.52 7e+06 -0.0588922 -0.194589
139.37 7e+06 0.0703203 -0.355573
192.05 7e+06 0.0703074 -0.434502
85.0549 7e+06 0.0703203 -0.272746
42.4408 7e+06 0.0703074 -0.193817
64.6676 7e+06 0.141001 -0.314159
-89.8776 7e+06 -0.671238 -0.314159
-85.2368 7e+06 -0.692345 -0.228256
-24.4153 7e+06 -0.623091 -0.232811
-126.575 7e+06 -0.692345 -0.400062
-63.7073 7e+06 -0.623091 -0.395507
-192.703 7e+06 -0.809632 -0.314159
-143.899 7e+06 -0.764601 -0.221786
-194.587 7e+06 -0.833785 -0.214894
-179.888 7e+06 -0.764601 -0.406532
-217.304 7e+06 -0.833785 -0.413424
-84.7583 7e+06 -0.712649 -0.13804
-155.508 7e+06 -0.712649 -0.490278
-156.255 7e+06 -0.799218 -0.0257271
-218.209 7e+06 -0.867361 -0.00211961
-204.521 7e+06 -0.853333 -0.110066
-106.539 7e+06 -0.739668 0.0515299
-92.5545 7e+06 -0.728669 -0.0440255
-122.97 7e+06 -0.747937 0.145954
-68.5204 7e+06 -0.679327 0.118112
-231.083 7e+06 -0.885662 0.118855
-279.761 7e+06 -0.945815 0.0353761
-178.23 7e+06 -0.819654 0.194454
-131.919 7e+06 -0.75468 0.257504
-222.048 7e+06 -0.893507 0.248206
25.158 7e+06 -0.517349 -0.541646
-49.7093 7e+06 -0.586711 -0.552258
-21.5506 7e+06 -0.571405 -0.471437
80.9032 7e+06 -0.45701 -0.581697
110.632 7e+06 -0.442885 -0.506294
-53.958 7e+06 -0.540359 -0.699755
40.0675 7e+06 -0.468523 -0.661601
-2.24474 7e+06 -0.477251 -0.738886
-88.5367 7e+06 -0.600214 -0.638088
-129.84 7e+06 -0.609739 -0.721613
-120.969 7e+06 -0.657412 -0.567482
139.636 7e+06 -0.395781 -0.622843
-202.19 7e+06 -0.739668 -0.679848
-220.418 7e+06 -0.747937 -0.774272
-190.142 7e+06 -0.679327 -0.74643
-214.7 7e+06 -0.799218 -0.602591
-178.572 7e+06 -0.728669 -0.584293
-232.132 7e+06 -0.867361 -0.626199
-229.024 7e+06 -0.853333 -0.518252
-230.485 7e+06 -0.885662 -0.747173
-243.72 7e+06 -0.945815 -0.663694
-227.152 7e+06 -0.819654 -0.822772
-229.793 7e+06 -0.75468 -0.885822
-218.539 7e+06 -0.893507 -0.876524
257.555 7e+06 -0.270704 -0.698834
308.032 7e+06 -0.210348 -0.735275
321.869 7e+06 -0.200309 -0.662693
167.012 7e+06 -0.343315 -0.737378
200.509 7e+06 -0.333295 -0.662034
133.288 7e+06 -0.349345 -0.811484
62.2286 7e+06 -0.41322 -0.776236
291.309 7e+06 -0.210471 -0.816574
350.954 7e+06 -0.140895 -0.779134
202.354 7e+06 -0.282943 -0.8575
100.806 7e+06 -0.351355 -0.898528
264.94 7e+06 -0.212395 -0.900214
107.056 7e+06 0.292634 1.44393
77.2211 7e+06 0.309086 1.37275
46.0139 7e+06 0.367629 1.41216
150.572 7e+06 0.236958 1.48781
109.509 7e+06 0.294247 1.52832
143.182 7e+06 0.176232 1.36692
172.893 7e+06 0.176303 1.44738
181.129 7e+06 0.118031 1.40936
91.2662 7e+06 0.247916 1.33243
100.41 7e+06 0.188911 1.29509
31.3789 7e+06 0.321853 1.29845
189.594 7e+06 0.177869 1.52946
63.1697 7e+06 0.292634 1.69766
142.401 7e+06 0.236958 1.65378
98.0415 7e+06 0.294247 1.61328
-8.54368 7e+06 0.309086 1.76884
-40.0791 7e+06 0.367629 1.72943
135.471 7e+06 0.176232 1.77467
22.5888 7e+06 0.247916 1.80917
56.0838 7e+06 0.188911 1.8465
180.737 7e+06 0.176303 1.69421
210.978 7e+06 0.118031 1.73223
194.596 7e+06 0.177869 1.61214
-94.7882 7e+06 0.321853 1.84314
236.195 7e+06 0.0588997 1.61155
245.268 7e+06 -6.12574e-17 1.64934
242.833 7e+06 0.0588922 1.69037
223.068 7e+06 0.0588997 1.53004
218.613 7e+06 0.118092 1.5708
218.567 7e+06 -6.12574e-17 1.49226
206.09 7e+06 0.0588922 1.45123
234.143 7e+06 -0.0703203 1.61221
250.886 7e+06 -0.0703074 1.69114
221.234 7e+06 -0.0703203 1.52938
213.146 7e+06 -0.0703074 1.45045
222.029 7e+06 -0.141001 1.5708
-56.1464 7e+06 0.517349 1.34331
-36.1128 7e+06 0.45701 1.30326
-12.1959 7e+06 0.442885 1.37866
-79.7763 7e+06 0.586711 1.3327
-83.8034 7e+06 0.571405 1.41352
-105.002 7e+06 0.540359 1.1852
-87.9512 7e+06 0.600214 1.24687
-110.73 7e+06 0.609739 1.16334
-75.7113 7e+06 0.468523 1.22335
-116.23 7e+06 0.477251 1.14607
-27.7833 7e+06 0.395781 1.26211
-88.407 7e+06 0.657412 1.31747
-71.0953 7e+06 0.343315 1.14758
-107.905 7e+06 0.349345 1.07347
-118.712 7e+06 0.41322 1.10872
-10.4951 7e+06 0.270704 1.18612
-21.6813 7e+06 0.333295 1.22292
5.91973 7e+06 0.210348 1.14968
51.8611 7e+06 0.200309 1.22226
-26.961 7e+06 0.210471 1.06838
34.9364 7e+06 0.140895 1.10582
-85.3754 7e+06 0.282943 1.02746
-129.906 7e+06 0.351355 0.986427
-43.6952 7e+06 0.212395 0.984742
-153.771 7e+06 0.671238 1.5708
-134.754 7e+06 0.692345 1.48489
-117.859 7e+06 0.623091 1.48945
-182.718 7e+06 0.692345 1.6567
-162.95 7e+06 0.623091 1.65214
-174.808 7e+06 0.809632 1.5708
-141.845 7e+06 0.764601 1.47842
-147.382 7e+06 0.833785 1.47153
-193.602 7e+06 0.764601 1.66317
-197.754 7e+06 0.833785 1.67006
-110.236 7e+06 0.712649 1.39468
-206.931 7e+06 0.712649 1.74692
-84.791 7e+06 0.739668 1.20511
-99.9214 7e+06 0.747937 1.11068
-106.355 7e+06 0.679327 1.13853
-90.3264 7e+06 0.799218 1.28236
-88.5278 7e+06 0.728669 1.30066
-96.3402 7e+06 0.867361 1.25876
-118.187 7e+06 0.853333 1.3667
-84.5503 7e+06 0.885662 1.13778
-99.1143 7e+06 0.945815 1.22126
-96.975 7e+06 0.819654 1.06218
-130.52 7e+06 0.75468 0.999133
-79.9344 7e+06 0.893507 1.00843
-204.192 7e+06 0.517349 1.79828
-226.889 7e+06 0.586711 1.80889
-178.577 7e+06 0.571405 1.72807
-205.656 7e+06 0.45701 1.83833
-133.133 7e+06 0.442885 1.76293
-285.488 7e+06 0.540359 1.95639
-266.643 7e+06 0.468523 1.91824
-297.971 7e+06 0.477251 1.99552
-262.488 7e+06 0.600215 1.89473
-270.495 7e+06 0.609739 1.97825
-229.935 7e+06 0.657412 1.82412
-200.394 7e+06 0.395781 1.87948
-212.167 7e+06 0.739668 1.93649
-188.197 7e+06 0.747937 2.03091
-236.705 7e+06 0.679327 2.00307
-200.2 7e+06 0.799218 1.85923
-218.237 7e+06 0.728669 1.84093
-175.396 7e+06 0.867361 1.88284
-200.056 7e+06 0.853333 1.77489
-119.163 7e+06 0.819654 2.07941
-132.143 7e+06 0.75468 2.14246
-118.016 7e+06 0.885662 2.00381
-125.677 7e+06 0.945815 1.92033
-32.7605 7e+06 0.893507 2.13316
-158.596 7e+06 0.270704 1.95547
-129.065 7e+06 0.210348 1.99191
-37.3781 7e+06 0.200309 1.91933
-256.817 7e+06 0.343315 1.99401
-184.674 7e+06 0.333295 1.91867
-297.769 7e+06 0.349345 2.06812
-303.8 7e+06 0.41322 2.03287
-208.61 7e+06 0.210471 2.07321
-98.549 7e+06 0.140895 2.03577
-286.29 7e+06 0.282943 2.11414
-311.702 7e+06 0.351355 2.15517
-266.67 7e+06 0.212395 2.15685
-89.4907 7e+06 0.292634 2.70057
-118.728 7e+06 0.309086 2.62939
-83.9574 7e+06 0.367629 2.6688
-84.8115 7e+06 0.236958 2.74445
-57.1315 7e+06 0.294247 2.78495
-149.203 7e+06 0.176232 2.62356
-157.663 7e+06 0.247916 2.58906
-184.855 7e+06 0.188911 2.55173
-112.678 7e+06 0.176303 2.70402
-132.695 7e+06 0.118031 2.666
-155.081 7e+06 0.321853 2.55509
-79.2879 7e+06 0.177869 2.78609
-23.1252 7e+06 0.517349 2.59995
-85.0821 7e+06 0.45701 2.5599
-64.9758 7e+06 0.442885 2.6353
35.2973 7e+06 0.586711 2.58933
39.4161 7e+06 0.571405 2.67016
-78.2129 7e+06 0.540359 2.44184
9.11975 7e+06 0.600214 2.5035
-39.7017 7e+06 0.609739 2.41998
-114.396 7e+06 0.468523 2.47999
-151.851 7e+06 0.477251 2.40271
-142.91 7e+06 0.395781 2.51875
91.8235 7e+06 0.657412 2.57411
-227.589 7e+06 0.343315 2.40421
-260.491 7e+06 0.349345 2.33011
-214.586 7e+06 0.41322 2.36536
-231.341 7e+06 0.270704 2.44276
-193.462 7e+06 0.333295 2.47956
-253.832 7e+06 0.210348 2.40632
-221.344 7e+06 0.200309 2.4789
-291.416 7e+06 0.282943 2.28409
-296.005 7e+06 0.351355 2.24306
-281.55 7e+06 0.210471 2.32502
-262.64 7e+06 0.140895 2.36246
-289.712 7e+06 0.212395 2.24138
-15.4947 7e+06 0.292634 2.9543
-26.2425 7e+06 0.236958 2.91042
-29.6142 7e+06 0.294247 2.86991
-9.58049 7e+06 0.309086 3.02548
-2.05895 7e+06 0.367629 2.98607
-12.9224 7e+06 0.176232 3.03131
-9.69688 7e+06 0.247916 3.0658
-9.84501 7e+06 0.188911 3.10314
-22.2884 7e+06 0.176303 2.95085
-24.6514 7e+06 0.118031 2.98886
-46.3687 7e+06 0.177869 2.86877
-2.75687 7e+06 0.321853 3.09978
-73.3773 7e+06 0.0588997 2.86819
-74.6436 7e+06 -6.12574e-17 2.90597
-49.5508 7e+06 0.0588922 2.947
-99.8465 7e+06 0.0588997 2.78668
-73.7067 7e+06 0.118092 2.82743
-126.178 7e+06 -6.12574e-17 2.74889
-124.593 7e+06 0.0588922 2.70786
-134.118 7e+06 -0.0703203 2.78602
-160.871 7e+06 -0.0703074 2.70709
-102.433 7e+06 -0.0703203 2.86885
-78.205 7e+06 -0.0703074 2.94778
-136.123 7e+06 -0.141001 2.82743
134.211 7e+06 0.671238 2.82743
151.543 7e+06 0.692345 2.74153
92.82 7e+06 0.623091 2.74609
149.613 7e+06 0.692345 2.91334
106.247 7e+06 0.623091 2.90878
231.584 7e+06 0.809632 2.82743
206.462 7e+06 0.764601 2.73506
249.397 7e+06 0.833785 2.72817
194.479 7e+06 0.764601 2.91981
235.752 7e+06 0.833785 2.9267
160.032 7e+06 0.712649 2.65131
164.296 7e+06 0.712649 3.00355
88.9187 7e+06 0.739668 2.46174
27.3503 7e+06 0.747937 2.36732
-6.70854 7e+06 0.679327 2.39516
177.297 7e+06 0.799218 2.539
138.316 7e+06 0.728669 2.5573
209.62 7e+06 0.867361 2.51539
243.637 7e+06 0.853333 2.62334
152.052 7e+06 0.885662 2.39442
239.573 7e+06 0.945815 2.4779
50.7882 7e+06 0.819654 2.31882
-52.0298 7e+06 0.75468 2.25577
66.4816 7e+06 0.893507 2.26507
61.4425 7e+06 0.517349 3.05492
100.196 7e+06 0.586711 3.06553
86.1915 7e+06 0.571405 2.98471
28.1318 7e+06 0.45701 3.09497
22.4349 7e+06 0.442885 3.01957
64.9335 7e+06 0.540359 -3.07016
34.7471 7e+06 0.468523 -3.10831
43.6284 7e+06 0.477251 -3.03103
104.246 7e+06 0.600214 -3.13182
103.056 7e+06 0.609739 -3.0483
137.331 7e+06 0.657412 3.08076
12.6948 7e+06 0.395781 3.13612
173.636 7e+06 0.739668 -3.09006
174.79 7e+06 0.747937 -2.99564
141.877 7e+06 0.679327 -3.02348
200.973 7e+06 0.799218 3.11587
171.603 7e+06 0.728669 3.09757
228.567 7e+06 0.867361 3.13947
234.913 7e+06 0.853333 3.03153
222.819 7e+06 0.885662 -3.02274
255.276 7e+06 0.945815 -3.10622
199.288 7e+06 0.819654 -2.94714
173.355 7e+06 0.75468 -2.88409
207.43 7e+06 0.893507 -2.89339
-0.0690334 7e+06 0.270704 -3.07108
-0.89819 7e+06 0.210348 -3.03464
-6.27421 7e+06 0.200309 -3.10722
16.0254 7e+06 0.343315 -3.03253
6.71588 7e+06 0.333295 -3.10788
22.8819 7e+06 0.349345 -2.95843
35.161 7e+06 0.41322 -2.99367
9.60173 7e+06 0.282943 -2.91241
26.9642 7e+06 0.351355 -2.87138
1.80985 7e+06 0.210471 -2.95334
-1.36238 7e+06 0.140895 -2.99078
-3.00381 7e+06 0.212395 -2.8697
-145.974 7e+06 0.517349 -1.97163
-143.418 7e+06 0.586711 -1.96102
-105.456 7e+06 0.571405 -2.04184
-185.272 7e+06 0.45701 -1.93158
-154.928 7e+06 0.442885 -2.00698
-191.325 7e+06 0.540359 -1.81352
-209.847 7e+06 0.468523 -1.85167
-221.753 7e+06 0.477251 -1.77439
-172.108 7e+06 0.600214 -1.87519
-185.636 7e+06 0.609739 -1.79166
-161.016 7e+06 0.657412 -1.94579
-228.833 7e+06 0.395781 -1.89043
-178.779 7e+06 0.292634 -2.07225
-220.773 7e+06 0.309086 -2.00107
-171.281 7e+06 0.367629 -2.04048
-160.318 7e+06 0.236958 -2.11613
-121.178 7e+06 0.294247 -2.15663
-264.274 7e+06 0.176232 -1.99524
-271.998 7e+06 0.247916 -1.96074
-311.622 7e+06 0.188911 -1.92341
-200.263 7e+06 0.176303 -2.0757
-230.218 7e+06 0.118031 -2.03768
-255.585 7e+06 0.321853 -1.92677
-143.029 7e+06 0.177869 -2.15777
-317.84 7e+06 0.270704 -1.81444
-343.934 7e+06 0.210348 -1.778
-338.769 7e+06 0.200309 -1.85058
-282.708 7e+06 0.343315 -1.7759
-276.047 7e+06 0.333295 -1.85124
-276.943 7e+06 0.349345 -1.70179
-252.518 7e+06 0.41322 -1.73704
-325.279 7e+06 0.210471 -1.6967
-347.3 7e+06 0.140895 -1.73414
-289.291 7e+06 0.282943 -1.65577
-253.733 7e+06 0.351355 -1.61475
-266.381 7e+06 0.212395 -1.61306
-43.1237 7e+06 0.671238 -2.19911
-95.9086 7e+06 0.692345 -2.11321
-76.1329 7e+06 0.623091 -2.11777
6.8653 7e+06 0.692345 -2.28502
10.2178 7e+06 0.623091 -2.28046
-52.6212 7e+06 0.809632 -2.19911
-104.895 7e+06 0.764601 -2.10674
-94.1414 7e+06 0.833785 -2.09985
-0.738834 7e+06 0.764601 -2.29149
3.15931 7e+06 0.833785 -2.29838
-143.442 7e+06 0.712649 -2.023
60.9873 7e+06 0.712649 -2.37523
-182.129 7e+06 0.799218 -1.91068
-166.465 7e+06 0.867361 -1.88708
-131.68 7e+06 0.853333 -1.99502
-208.911 7e+06 0.739668 -1.83343
-179.266 7e+06 0.728669 -1.92898
-242.885 7e+06 0.747937 -1.739
-217.7 7e+06 0.679327 -1.76684
-245.157 7e+06 0.819654 -1.6905
-276.955 7e+06 0.75468 -1.62745
-196.287 7e+06 0.885662 -1.7661
-137.248 7e+06 0.945815 -1.84958
-218.027 7e+06 0.893507 -1.63675
-22.0602 7e+06 0.292634 -2.32598
-52.795 7e+06 0.236958 -2.2821
-71.2018 7e+06 0.294247 -2.24159
13.6897 7e+06 0.309086 -2.39716
-0.2161 7e+06 0.367629 -2.35775
-11.4019 7e+06 0.176232 -2.40299
-46.4082 7e+06 0.176303 -2.32253
-47.7343 7e+06 0.118031 -2.36055
15.3422 7e+06 0.247916 -2.43748
8.1439 7e+06 0.188911 -2.47482
-93.6062 7e+06 0.177869 -2.24046
33.2532 7e+06 0.321853 -2.47146
-146.214 7e+06 0.0588997 -2.15836
-148.53 7e+06 -6.12574e-17 -2.12057
-190.529 7e+06 0.0588922 -2.07955
-114.298 7e+06 0.0588997 -2.23987
-129.647 7e+06 0.118092 -2.19911
-97.4834 7e+06 -6.12574e-17 -2.27765
-82.7755 7e+06 0.0588922 -2.31868
-80.7515 7e+06 -0.0703203 -2.24053
-74.6637 7e+06 -0.0703074 -2.31946
-97.5627 7e+06 -0.0703203 -2.1577
-133.854 7e+06 -0.0703074 -2.07877
-45.2757 7e+06 -0.141001 -2.19911
49.629 7e+06 0.517349 -2.4266
51.9251 7e+06 0.45701 -2.46665
24.9949 7e+06 0.442885 -2.39125
71.3633 7e+06 0.586711 -2.43721
32.8665 7e+06 0.571405 -2.35639
71.2551 7e+06 0.540359 -2.58471
92.2691 7e+06 0.600214 -2.52304
92.6173 7e+06 0.609739 -2.60657
59.6206 7e+06 0.468523 -2.54656
56.3459 7e+06 0.477251 -2.62384
47.8141 7e+06 0.395781 -2.5078
94.8107 7e+06 0.657412 -2.45244
37.1904 7e+06 0.343315 -2.62233
33.0921 7e+06 0.349345 -2.69644
44.9433 7e+06 0.41322 -2.66119
24.6416 7e+06 0.270704 -2.58379
38.7218 7e+06 0.333295 -2.54699
6.05673 7e+06 0.210348 -2.62023
10.2992 7e+06 0.200309 -2.54765
15.3635 7e+06 0.282943 -2.74246
29.0406 7e+06 0.351355 -2.78348
-1.37884 7e+06 0.210471 -2.70153
-18.8291 7e+06 0.140895 -2.66409
-5.85186 7e+06 0.212395 -2.78517
126.285 7e+06 0.739668 -2.5648
147.887 7e+06 0.747937 -2.65923
126.561 7e+06 0.679327 -2.63139
96.6272 7e+06 0.799218 -2.48755
99.4046 7e+06 0.728669 -2.46925
105.436 7e+06 0.867361 -2.51115
59.0258 7e+06 0.853333 -2.40321
166.322 7e+06 0.819654 -2.70773
164.988 7e+06 0.75468 -2.77078
146.699 7e+06 0.885662 -2.63213
126.401 7e+06 0.945815 -2.54865
180.481 7e+06 0.893507 -2.76148
180.292 7e+06 0.292634 -1.06934
104.829 7e+06 0.309086 -1.14053
77.8636 7e+06 0.367629 -1.10111
267.284 7e+06 0.236958 -1.02546
219.906 7e+06 0.294247 -0.984958
241.947 7e+06 0.176232 -1.14635
133.452 7e+06 0.247916 -1.18085
158.51 7e+06 0.188911 -1.21818
306.728 7e+06 0.176303 -1.06589
328.766 7e+06 0.118031 -1.10391
25.0227 7e+06 0.321853 -1.21482
339.656 7e+06 0.177869 -0.983819
-91.9451 7e+06 0.517349 -1.16996
-83.2831 7e+06 0.45701 -1.21002
-14.7766 7e+06 0.442885 -1.13461
-131.414 7e+06 0.586711 -1.18058
-64.9486 7e+06 0.571405 -1.09976
-185.908 7e+06 0.540359 -1.32807
-187.912 7e+06 0.600214 -1.26641
-220.398 7e+06 0.609739 -1.34993
-138.587 7e+06 0.468523 -1.28992
-171.355 7e+06 0.477251 -1.3672
-68.4792 7e+06 0.395781 -1.25116
-161.473 7e+06 0.657412 -1.1958
-109.166 7e+06 0.343315 -1.3657
-160.696 7e+06 0.349345 -1.4398
-164.194 7e+06 0.41322 -1.40456
-26.8613 7e+06 0.270704 -1.32715
-48.2996 7e+06 0.333295 -1.29035
-10.0026 7e+06 0.210348 -1.36359
72.5806 7e+06 0.200309 -1.29101
-170.913 7e+06 0.282943 -1.48582
-213.347 7e+06 0.351355 -1.52685
-94.6649 7e+06 0.210471 -1.44489
-2.11425 7e+06 0.140895 -1.40745
-185.558 7e+06 0.212395 -1.52853
226.111 7e+06 0.292634 -0.815615
280.751 7e+06 0.236958 -0.859493
231.274 7e+06 0.294247 -0.899998
200.381 7e+06 0.309086 -0.74443
166.316 7e+06 0.367629 -0.783845
295.684 7e+06 0.176232 -0.738601
229.106 7e+06 0.247916 -0.704108
251.103 7e+06 0.188911 -0.666774
323.456 7e+06 0.176303 -0.819064
353.444 7e+06 0.118031 -0.781046
338.569 7e+06 0.177869 -0.901137
165.847 7e+06 0.321853 -0.670131
403.762 7e+06 0.0588997 -0.901721
405.236 7e+06 -6.12574e-17 -0.863938
395.216 7e+06 0.0588922 -0.822908
402.964 7e+06 0.0588997 -0.983235
383.79 7e+06 0.118092 -0.942478
395.841 7e+06 -6.12574e-17 -1.02102
382.578 7e+06 0.0588922 -1.06205
369.784 7e+06 -0.0703203 -0.983891
353.663 7e+06 -0.0703074 -1.06282
374.372 7e+06 -0.0703203 -0.901064
380.38 7e+06 -0.0703074 -0.822135
317.157 7e+06 -0.141001 -0.942478
5.02353 7e+06 0.671238 -0.942478
-48.7854 7e+06 0.692345 -1.02838
-27.7605 7e+06 0.623091 -1.02383
26.8306 7e+06 0.692345 -0.856575
45.3212 7e+06 0.623091 -0.86113
-23.0826 7e+06 0.809632 -0.942478
-65.6095 7e+06 0.764601 -1.03485
-76.5463 7e+06 0.833785 -1.04174
13.5903 7e+06 0.764601 -0.850105
5.43963 7e+06 0.833785 -0.843213
-115.029 7e+06 0.712649 -1.1186
27.961 7e+06 0.712649 -0.766358
-194.04 7e+06 0.799218 -1.23091
-191.501 7e+06 0.867361 -1.25452
-138.664 7e+06 0.853333 -1.14657
-239.608 7e+06 0.739668 -1.30817
-183.604 7e+06 0.728669 -1.21261
-272.235 7e+06 0.747937 -1.40259
-255.611 7e+06 0.679327 -1.37475
-220.827 7e+06 0.885662 -1.37549
-175.307 7e+06 0.945815 -1.29201
-261.543 7e+06 0.819654 -1.45109
-286.644 7e+06 0.75468 -1.51414
-227.583 7e+06 0.893507 -1.50484
70.1168 7e+06 0.517349 -0.714991
40.0466 7e+06 0.586711 -0.704379
65.4952 7e+06 0.571405 -0.7852
83.3962 7e+06 0.45701 -0.674939
116.269 7e+06 0.442885 -0.750343
-33.2304 7e+06 0.540359 -0.556882
28.6939 7e+06 0.468523 -0.595035
-31.1113 7e+06 0.477251 -0.517751
-11.4353 7e+06 0.600215 -0.618549
-67.7246 7e+06 0.609739 -0.535024
18.5263 7e+06 0.657412 -0.689155
97.1927 7e+06 0.395781 -0.633794
-38.4803 7e+06 0.739668 -0.576789
-84.4012 7e+06 0.747937 -0.482364
-84.8754 7e+06 0.679327 -0.510207
1.45157 7e+06 0.799218 -0.654046
4.87103 7e+06 0.728669 -0.672344
3.78647 7e+06 0.867361 -0.630438
13.8653 7e+06 0.853333 -0.738385
-72.3159 7e+06 0.819654 -0.433865
-136.202 7e+06 0.75468 -0.370815
-14.9033 7e+06 0.885662 -0.509464
14.4337 7e+06 0.945815 -0.592943
-47.4926 7e+06 0.893507 -0.380113
129.279 7e+06 0.270704 -0.557803
146.986 7e+06 0.210348 -0.521362
200.382 7e+06 0.200309 -0.593944
55.8703 7e+06 0.343315 -0.519259
113.202 7e+06 0.333295 -0.594603
0.165395 7e+06 0.349345 -0.445153
-18.65 7e+06 0.41322 -0.480401
14.8206 7e+06 0.282943 -0.399137
-59.8572 7e+06 0.351355 -0.358108
93.1081 7e+06 0.210471 -0.440063
170.548 7e+06 0.140895 -0.477502
38.5758 7e+06 0.212395 -0.356423
-87.03 7e+06 0.292634 0.187296
-51.2653 7e+06 0.236958 0.231175
-65.9041 7e+06 0.294247 0.271679
-114.787 7e+06 0.309086 0.116111
-129.863 7e+06 0.367629 0.155526
-57.9461 7e+06 0.176232 0.110283
-37.7721 7e+06 0.176303 0.190745
-25.5862 7e+06 0.118031 0.152728
-96.0808 7e+06 0.247916 0.0757892
-72.4256 7e+06 0.188911 0.0384556
-14.2838 7e+06 0.177869 0.272818
-138.494 7e+06 0.321853 0.0418129
-44.2962 7e+06 0.292634 0.441022
-20.1003 7e+06 0.236958 0.397144
-50.6343 7e+06 0.294247 0.356639
-55.3657 7e+06 0.309086 0.512207
-83.2934 7e+06 0.367629 0.472792
23.18 7e+06 0.176232 0.518036
17.2631 7e+06 0.176303 0.437573
54.2724 7e+06 0.118031 0.475591
-21.5304 7e+06 0.247916 0.552529
15.7855 7e+06 0.188911 0.589863
4.65574 7e+06 0.177869 0.3555
-68.9564 7e+06 0.321853 0.586506
54.6624 7e+06 0.0588997 0.354916
75.9036 7e+06 -6.12574e-17 0.392699
73.5693 7e+06 0.0588922 0.433729
28.7329 7e+06 0.0588997 0.273402
22.6463 7e+06 0.118092 0.314159
30.6591 7e+06 -6.12574e-17 0.23562
4.9901 7e+06 0.0588922 0.19459
66.7814 7e+06 -0.0703203 0.355573
85.0353 7e+06 -0.0703074 0.434502
48.9177 7e+06 -0.0703203 0.272746
36.0898 7e+06 -0.0703074 0.193817
54.6642 7e+06 -0.141001 0.314159
-220.14 7e+06 0.517349 0.0866728
-204.661 7e+06 0.45701 0.0466209
-177.663 7e+06 0.442885 0.122024
-239.718 7e+06 0.586711 0.0760608
-222.868 7e+06 0.571405 0.156881
-246.643 7e+06 0.540359 -0.0714368
-250.606 7e+06 0.600214 -0.00976978
-253.916 7e+06 0.609739 -0.0932945
-222.527 7e+06 0.468523 -0.0332831
-228.047 7e+06 0.477251 -0.110567
-183.599 7e+06 0.395781 0.00547562
-239.882 7e+06 0.657412 0.0608362
-153.508 7e+06 0.343315 -0.109059
-140.89 7e+06 0.349345 -0.183166
-191.906 7e+06 0.41322 -0.147918
-112.884 7e+06 0.270704 -0.0705154
-152.058 7e+06 0.333295 -0.0337158
-69.269 7e+06 0.210348 -0.106957
-76.3591 7e+06 0.200309 -0.0343746
-43.6844 7e+06 0.210471 -0.188256
-14.4573 7e+06 0.140895 -0.150816
-76.7948 7e+06 0.282943 -0.229181
-108 7e+06 0.351355 -0.27021
-8.04776 7e+06 0.212395 -0.271895
-167.638 7e+06 0.517349 0.541646
-192.094 7e+06 0.586711 0.552258
-185.705 7e+06 0.571405 0.471438
-142.47 7e+06 0.45701 0.581698
-128.266 7e+06 0.442885 0.506295
-189.891 7e+06 0.540359 0.699755
-157.123 7e+06 0.468523 0.661602
-170.783 7e+06 0.477251 0.738886
-200.539 7e+06 0.600214 0.638088
-206.751 7e+06 0.609739 0.721613
-197.718 7e+06 0.657412 0.567482
-115.818 7e+06 0.395781 0.622843
-50.6579 7e+06 0.270704 0.698834
-14.418 7e+06 0.210348 0.735275
3.15452 7e+06 0.200309 0.662693
-104.339 7e+06 0.343315 0.737378
-85.7499 7e+06 0.333295 0.662034
-120.752 7e+06 0.349345 0.811484
-148.102 7e+06 0.41322 0.776236
-29.311 7e+06 0.210471 0.816574
27.8014 7e+06 0.140895 0.779135
-87.2647 7e+06 0.282943 0.8575
-132.037 7e+06 0.351355 0.898529
-42.454 7e+06 0.212395 0.900214
-199.193 7e+06 0.671238 0.314159
-187.065 7e+06 0.692345 0.400062
-197.097 7e+06 0.623091 0.395508
-204.043 7e+06 0.692345 0.228257
-215.94 7e+06 0.623091 0.232811
-122.869 7e+06 0.809632 0.314159
-150.993 7e+06 0.764601 0.406532
-99.1437 7e+06 0.833785 0.413424
-166.879 7e+06 0.764601 0.221786
-117.547 7e+06 0.833785 0.214894
-179.789 7e+06 0.712649 0.490279
-210.334 7e+06 0.712649 0.13804
-137 7e+06 0.799218 0.602591
-84.8024 7e+06 0.867361 0.626199
-86.6268 7e+06 0.853333 0.518252
-179.192 7e+06 0.739668 0.679848
-178.251 7e+06 0.728669 0.584293
-175.865 7e+06 0.747937 0.774273
-202.563 7e+06 0.679327 0.74643
-131.439 7e+06 0.819654 0.822772
-159.767 7e+06 0.75468 0.885822
-81.6631 7e+06 0.885662 0.747173
-24.7463 7e+06 0.945815 0.663694
-80.8637 7e+06 0.893507 0.876524
-218.997 7e+06 0.739668 -0.0515298
-211.234 7e+06 0.747937 -0.145954
-243.409 7e+06 0.679327 -0.118112
-174.599 7e+06 0.799218 0.0257272
-216.715 7e+06 0.728669 0.0440256
-127.662 7e+06 0.867361 0.00211975
-122.565 7e+06 0.853333 0.110067
-155.238 7e+06 0.819654 -0.194454
-182.528 7e+06 0.75468 -0.257504
-114.822 7e+06 0.885662 -0.118854
-72.1513 7e+06 0.945815 -0.035376
-87.581 7e+06 0.893507 -0.248206
176.633 7e+06 1.36321 1.5708
115.422 7e+06 1.33116 1.28883
173.607 7e+06 1.39688 1.17956
202.06 7e+06 1.33116 1.85276
261.257 7e+06 1.39688 1.96204
16.5577 7e+06 1.22481 1.5708
40.9614 7e+06 1.26069 1.35089
-33.2163 7e+06 1.19256 1.38944
116.251 7e+06 1.26069 1.79071
20.6099 7e+06 1.19256 1.75215
71.2421 7e+06 1.28236 1.08597
226.086 7e+06 1.28236 2.05562
90.3126 7e+06 1.22481 0.314159
97.2694 7e+06 1.26069 0.534068
86.7954 7e+06 1.19256 0.495515
101.526 7e+06 1.26069 0.0942503
75.5408 7e+06 1.19256 0.132803
145.65 7e+06 1.36321 0.314159
122.986 7e+06 1.33116 0.596128
162.773 7e+06 1.39688 0.705399
132.572 7e+06 1.33116 0.0321906
165.271 7e+06 1.39688 -0.077081
91.539 7e+06 1.28236 0.798984
110.682 7e+06 1.28236 -0.170666
52.7461 7e+06 1.16417 0.839454
51.5778 7e+06 1.10102 0.768279
77.444 7e+06 1.15015 0.646573
5.19862 7e+06 1.16417 1.0455
52.7571 7e+06 1.22524 0.942478
-42.7951 7e+06 1.10102 1.11668
-49.4977 7e+06 1.15015 1.23838
6.09501 7e+06 1.03533 0.861449
25.0358 7e+06 1.0243 0.709957
-36.1433 7e+06 1.03533 1.02351
-83.5547 7e+06 1.0243 1.175
-43.7711 7e+06 0.966148 0.942478
400.796 7e+06 1.22481 2.82743
377.523 7e+06 1.26069 2.60752
386.193 7e+06 1.19256 2.64608
386.201 7e+06 1.26069 3.04734
387.032 7e+06 1.19256 3.00879
365.859 7e+06 1.36321 2.82743
355.698 7e+06 1.33116 2.54546
328.596 7e+06 1.39688 2.43619
369.86 7e+06 1.33116 3.1094
344.282 7e+06 1.39688 -3.06451
316.908 7e+06 1.28236 2.34261
346.353 7e+06 1.28236 -2.97093
266.679 7e+06 1.16417 2.30214
271.496 7e+06 1.10102 2.37331
340.969 7e+06 1.15015 2.49502
157.62 7e+06 1.16417 2.09609
248.536 7e+06 1.22524 2.19911
59.383 7e+06 1.10102 2.02492
36.5631 7e+06 1.15015 1.90321
177.052 7e+06 1.03533 2.28014
259.999 7e+06 1.0243 2.43164
64.88 7e+06 1.03533 2.11809
-45.7015 7e+06 1.0243 1.96659
69.4069 7e+06 0.966148 2.19911
45.2356 7e+06 1.22481 -0.942478
56.0278 7e+06 1.26069 -1.16239
6.32493 7e+06 1.19256 -1.12383
83.5699 7e+06 1.26069 -0.722569
50.1286 7e+06 1.19256 -0.761122
137.739 7e+06 1.36321 -0.942478
111.139 7e+06 1.33116 -1.22445
166.595 7e+06 1.39688 -1.33372
124.141 7e+06 1.33116 -0.660509
162.975 7e+06 1.39688 -0.551238
72.3937 7e+06 1.28236 -1.4273
106.158 7e+06 1.28236 -0.457653
218.059 7e+06 1.36321 -2.19911
154.917 7e+06 1.33116 -1.91715
194.397 7e+06 1.39688 -1.80787
252.195 7e+06 1.33116 -2.48108
291.627 7e+06 1.39688 -2.59036
138.545 7e+06 1.22481 -2.19911
113.396 7e+06 1.26069 -1.97921
77.6638 7e+06 1.19256 -2.01776
207.28 7e+06 1.26069 -2.41902
169.216 7e+06 1.19256 -2.38047
91.9316 7e+06 1.28236 -1.71429
280.49 7e+06 1.28236 -2.68394
-11.189 7e+06 1.16417 -1.67382
-53.4868 7e+06 1.10102 -1.745
12.6523 7e+06 1.15015 -1.8667
-29.8318 7e+06 1.16417 -1.46777
30.804 7e+06 1.22524 -1.5708
-87.9961 7e+06 1.10102 -1.3966
-39.8019 7e+06 1.15015 -1.27489
-124.284 7e+06 1.03533 -1.65182
-99.9959 7e+06 1.0243 -1.80332
-140.606 7e+06 1.03533 -1.48977
-142.514 7e+06 1.0243 -1.33828
-182.694 7e+06 0.966148 -1.5708
65.4432 7e+06 1.16417 -0.211136
32.8743 7e+06 1.10102 -0.139961
55.3806 7e+06 1.15015 -0.0182546
66.8591 7e+06 1.16417 -0.417183
87.4319 7e+06 1.22524 -0.314159
50.05 7e+06 1.10102 -0.488358
54.5515 7e+06 1.15015 -0.610064
26.6266 7e+06 1.03533 -0.395188
31.7598 7e+06 1.0243 -0.54668
4.35838 7e+06 1.03533 -0.233131
-18.2757 7e+06 1.0243 -0.0816383
-21.1977 7e+06 0.966148 -0.314159
302.279 7e+06 1.16417 -2.93046
295.828 7e+06 1.10102 -3.00163
347.256 7e+06 1.15015 -3.12334
243.289 7e+06 1.16417 -2.72441
298.481 7e+06 1.22524 -2.82743
195.406 7e+06 1.10102 -2.65323
188.875 7e+06 1.15015 -2.53153
240.243 7e+06 1.03533 -2.90846
278.396 7e+06 1.0243 -3.05995
193.132 7e+06 1.03533 -2.7464
154.825 7e+06 1.0243 -2.59491
199.925 7e+06 0.966148 -2.82743

